0.00000 6.00000 0.00000 0.00000 -0.00000 -0.00000 -0.00000 1.00000
0.05000 6.00000 0.00000 -0.00000 0.00006 0.00005 -0.00000 1.00000
0.10000 6.00000 0.00000 -0.00004 0.00052 0.00038 -0.00000 1.00000
0.15000 6.00000 0.00000 -0.00012 0.00175 0.00128 -0.00000 1.00000
0.20000 6.00000 0.00000 -0.00028 0.00415 0.00303 -0.00001 0.99999
0.25000 6.00000 0.00000 -0.00055 0.00811 0.00593 -0.00005 0.99995
0.30000 6.00000 0.00000 -0.00095 0.01402 0.01024 -0.00014 0.99985
0.35000 6.00000 0.00000 -0.00150 0.02226 0.01626 -0.00036 0.99962
0.40000 6.00000 0.00000 -0.00219 0.03293 0.02405 -0.00079 0.99917
0.45000 6.00000 0.00000 -0.00292 0.04575 0.03340 -0.00153 0.99839
0.50000 6.00000 0.00000 -0.00359 0.06034 0.04403 -0.00266 0.99720
0.55000 6.00000 0.00000 -0.00409 0.07637 0.05570 -0.00427 0.99551
0.60000 6.00000 0.00000 -0.00433 0.09347 0.06811 -0.00641 0.99327
0.65000 6.00000 0.00000 -0.00419 0.11129 0.08102 -0.00910 0.99044
0.70000 6.00000 0.00000 -0.00359 0.12948 0.09415 -0.01235 0.98702
0.75000 6.00000 0.00000 -0.00242 0.14768 0.10724 -0.01611 0.98307
0.80000 6.00000 0.00000 -0.00057 0.16554 0.12004 -0.02031 0.97866
0.85000 6.00000 0.00000 0.00206 0.18275 0.13230 -0.02483 0.97390
0.90000 6.00000 0.00000 0.00556 0.19898 0.14379 -0.02953 0.96895
0.95000 6.00000 0.00000 0.01005 0.21392 0.15429 -0.03424 0.96398
1.00000 6.00000 0.00000 0.01561 0.22728 0.16360 -0.03876 0.95921
1.05000 5.99997 0.00033 0.02232 0.23885 0.17158 -0.04290 0.95481
1.10000 5.99978 0.00262 0.03003 0.24864 0.17835 -0.04642 0.95090
1.15000 5.99924 0.00885 0.03859 0.25673 0.18407 -0.04915 0.94752
1.20000 5.99820 0.02098 0.04781 0.26318 0.18889 -0.05091 0.94470
1.25000 5.99649 0.04098 0.05753 0.26806 0.19298 -0.05154 0.94247
1.30000 5.99393 0.07081 0.06758 0.27140 0.19648 -0.05090 0.94082
1.35000 5.99036 0.11242 0.07778 0.27327 0.19953 -0.04886 0.93975
1.40000 5.98569 0.16651 0.08796 0.27372 0.20224 -0.04538 0.93921
1.45000 5.97995 0.23186 0.09795 0.27285 0.20465 -0.04059 0.93916
1.50000 5.97319 0.30706 0.10758 0.27077 0.20680 -0.03463 0.93953
1.55000 5.96545 0.39072 0.11667 0.26755 0.20872 -0.02765 0.94026
1.60000 5.95677 0.48145 0.12506 0.26331 0.21044 -0.01979 0.94127
1.65000 5.94720 0.57785 0.13257 0.25813 0.21198 -0.01120 0.94250
1.70000 5.93677 0.67853 0.13904 0.25211 0.21338 -0.00202 0.94388
1.75000 5.92554 0.78208 0.14428 0.24534 0.21465 0.00758 0.94534
1.80000 5.91354 0.88712 0.14813 0.23790 0.21585 0.01747 0.94684
1.85000 5.90082 0.99225 0.15041 0.22989 0.21701 0.02748 0.94832
1.90000 5.88742 1.09607 0.15096 0.22139 0.21819 0.03748 0.94972
1.95000 5.87338 1.19719 0.14960 0.21250 0.21943 0.04730 0.95103
2.00000 5.85875 1.29422 0.14616 0.20328 0.22080 0.05680 0.95221
2.05000 5.84357 1.38603 0.14053 0.19384 0.22236 0.06586 0.95323
2.10000 5.82783 1.47269 0.13288 0.18424 0.22405 0.07450 0.95410
2.15000 5.81152 1.55452 0.12343 0.17456 0.22583 0.08274 0.95482
2.20000 5.79465 1.63185 0.11240 0.16488 0.22764 0.09061 0.95540
2.25000 5.77720 1.70501 0.10002 0.15528 0.22940 0.09815 0.95584
2.30000 5.75916 1.77434 0.08652 0.14585 0.23108 0.10538 0.95615
2.35000 5.74054 1.84016 0.07212 0.13666 0.23260 0.11233 0.95635
2.40000 5.72132 1.90280 0.05705 0.12780 0.23392 0.11903 0.95644
2.45000 5.70150 1.96261 0.04154 0.11935 0.23498 0.12548 0.95645
2.50000 5.68106 2.01990 0.02580 0.11141 0.23572 0.13171 0.95639
2.55000 5.66001 2.07501 0.01006 0.10406 0.23610 0.13775 0.95627
2.60000 5.63834 2.12827 -0.00544 0.09739 0.23605 0.14359 0.95613
2.65000 5.61603 2.18001 -0.02049 0.09148 0.23553 0.14928 0.95597
2.70000 5.59309 2.23056 -0.03486 0.08642 0.23448 0.15481 0.95582
2.75000 5.56950 2.28026 -0.04833 0.08230 0.23285 0.16021 0.95569
2.80000 5.54526 2.32943 -0.06066 0.07922 0.23059 0.16550 0.95559
2.85000 5.52037 2.37841 -0.07163 0.07727 0.22765 0.17071 0.95554
2.90000 5.49481 2.42753 -0.08102 0.07653 0.22397 0.17586 0.95554
2.95000 5.46858 2.47711 -0.08860 0.07712 0.21952 0.18099 0.95557
3.00000 5.44167 2.52750 -0.09414 0.07911 0.21424 0.18614 0.95561
3.05000 5.41408 2.57894 -0.09749 0.08259 0.20813 0.19134 0.95564
3.10000 5.38581 2.63142 -0.09872 0.08740 0.20130 0.19663 0.95560
3.15000 5.35687 2.68483 -0.09799 0.09339 0.19389 0.20204 0.95544
3.20000 5.32726 2.73908 -0.09544 0.10038 0.18604 0.20758 0.95510
3.25000 5.29700 2.79407 -0.09121 0.10817 0.17790 0.21327 0.95455
3.30000 5.26608 2.84971 -0.08545 0.11659 0.16961 0.21912 0.95374
3.35000 5.23452 2.90589 -0.07830 0.12545 0.16130 0.22513 0.95266
3.40000 5.20232 2.96253 -0.06993 0.13454 0.15309 0.23128 0.95130
3.45000 5.16948 3.01951 -0.06046 0.14369 0.14512 0.23757 0.94966
3.50000 5.13602 3.07676 -0.05005 0.15268 0.13750 0.24397 0.94777
3.55000 5.10194 3.13415 -0.03884 0.16132 0.13036 0.25045 0.94565
3.60000 5.06724 3.19161 -0.02698 0.16940 0.12378 0.25697 0.94337
3.65000 5.03194 3.24903 -0.01461 0.17674 0.11790 0.26348 0.94098
3.70000 4.99604 3.30632 -0.00188 0.18312 0.11278 0.26994 0.93855
3.75000 4.95954 3.36338 0.01105 0.18834 0.10854 0.27630 0.93617
3.80000 4.92246 3.42010 0.02406 0.19221 0.10525 0.28251 0.93390
3.85000 4.88480 3.47641 0.03698 0.19451 0.10299 0.28854 0.93183
3.90000 4.84656 3.53218 0.04968 0.19503 0.10184 0.29434 0.93003
3.95000 4.80775 3.58734 0.06201 0.19358 0.10188 0.29989 0.92856
4.00000 4.76838 3.64178 0.07381 0.18992 0.10317 0.30516 0.92745
4.05000 4.72845 3.69542 0.08497 0.18391 0.10575 0.31017 0.92671
4.10000 4.68798 3.74827 0.09543 0.17570 0.10949 0.31495 0.92626
4.15000 4.64696 3.80034 0.10513 0.16552 0.11424 0.31957 0.92597
4.20000 4.60540 3.85165 0.11403 0.15361 0.11986 0.32410 0.92574
4.25000 4.56330 3.90221 0.12209 0.14021 0.12621 0.32858 0.92544
4.30000 4.52066 3.95206 0.12928 0.12557 0.13315 0.33308 0.92497
4.35000 4.47751 4.00120 0.13553 0.10993 0.14053 0.33763 0.92421
4.40000 4.43383 4.04966 0.14082 0.09357 0.14824 0.34226 0.92311
4.45000 4.38963 4.09746 0.14509 0.07675 0.15614 0.34700 0.92159
4.50000 4.34491 4.14460 0.14831 0.05974 0.16411 0.35185 0.91962
4.55000 4.29969 4.19112 0.15042 0.04283 0.17203 0.35680 0.91720
4.60000 4.25397 4.23703 0.15139 0.02629 0.17980 0.36184 0.91436
4.65000 4.20774 4.28235 0.15118 0.01040 0.18731 0.36695 0.91113
4.70000 4.16103 4.32709 0.14973 -0.00457 0.19445 0.37208 0.90759
4.75000 4.11382 4.37129 0.14700 -0.01832 0.20115 0.37720 0.90384
4.80000 4.06612 4.41494 0.14296 -0.03061 0.20732 0.38225 0.89998
4.85000 4.01795 4.45808 0.13756 -0.04115 0.21289 0.38719 0.89614
4.90000 3.96930 4.50073 0.13075 -0.04967 0.21778 0.39197 0.89245
4.95000 3.92018 4.54289 0.12249 -0.05592 0.22194 0.39655 0.88902
5.00000 3.87059 4.58460 0.11274 -0.05962 0.22532 0.40089 0.88598
5.05000 3.82054 4.62586 0.10149 -0.06057 0.22788 0.40496 0.88341
5.10000 3.77003 4.66667 0.08891 -0.05893 0.22971 0.40878 0.88128
5.15000 3.71908 4.70701 0.07518 -0.05491 0.23091 0.41239 0.87954
5.20000 3.66768 4.74688 0.06050 -0.04874 0.23157 0.41583 0.87812
5.25000 3.61585 4.78627 0.04508 -0.04063 0.23180 0.41913 0.87690
5.30000 3.56359 4.82516 0.02910 -0.03080 0.23166 0.42233 0.87580
5.35000 3.51090 4.86355 0.01277 -0.01948 0.23126 0.42548 0.87470
5.40000 3.45780 4.90141 -0.00372 -0.00690 0.23065 0.42862 0.87352
5.45000 3.40429 4.93875 -0.02017 0.00670 0.22993 0.43177 0.87216
5.50000 3.35038 4.97556 -0.03638 0.02110 0.22915 0.43496 0.87055
5.55000 3.29607 5.01181 -0.05216 0.03604 0.22839 0.43821 0.86863
5.60000 3.24138 5.04750 -0.06731 0.05127 0.22771 0.44152 0.86636
5.65000 3.18629 5.08262 -0.08164 0.06655 0.22716 0.44492 0.86372
5.70000 3.13084 5.11716 -0.09494 0.08161 0.22679 0.44839 0.86072
5.75000 3.07501 5.15111 -0.10702 0.09622 0.22666 0.45194 0.85739
5.80000 3.01882 5.18445 -0.11769 0.11011 0.22681 0.45554 0.85377
5.85000 2.96227 5.21718 -0.12674 0.12303 0.22726 0.45919 0.84992
5.90000 2.90538 5.24928 -0.13398 0.13474 0.22805 0.46287 0.84592
5.95000 2.84814 5.28075 -0.13921 0.14499 0.22920 0.46657 0.84188
6.00000 2.79056 5.31157 -0.14224 0.15353 0.23072 0.47026 0.83788
6.05000 2.73265 5.34173 -0.14293 0.16019 0.23261 0.47394 0.83403
6.10000 2.67442 5.37124 -0.14138 0.16501 0.23483 0.47761 0.83037
6.15000 2.61588 5.40009 -0.13779 0.16810 0.23730 0.48125 0.82694
6.20000 2.55702 5.42827 -0.13231 0.16957 0.23996 0.48489 0.82374
6.25000 2.49786 5.45579 -0.12512 0.16953 0.24276 0.48854 0.82077
6.30000 2.43841 5.48265 -0.11640 0.16808 0.24563 0.49220 0.81802
6.35000 2.37867 5.50885 -0.10632 0.16532 0.24854 0.49589 0.81547
6.40000 2.31865 5.53438 -0.09505 0.16137 0.25142 0.49962 0.81310
6.45000 2.25836 5.55924 -0.08277 0.15633 0.25422 0.50342 0.81087
6.50000 2.19780 5.58344 -0.06964 0.15030 0.25691 0.50728 0.80875
6.55000 2.13698 5.60697 -0.05585 0.14340 0.25943 0.51123 0.80671
6.60000 2.07591 5.62983 -0.04156 0.13573 0.26175 0.51528 0.80471
6.65000 2.01460 5.65202 -0.02695 0.12740 0.26382 0.51944 0.80271
6.70000 1.95305 5.67353 -0.01220 0.11852 0.26562 0.52371 0.80070
6.75000 1.89127 5.69438 0.00254 0.10921 0.26709 0.52812 0.79864
6.80000 1.82926 5.71454 0.01707 0.09957 0.26821 0.53265 0.79651
6.85000 1.76704 5.73404 0.03123 0.08974 0.26896 0.53732 0.79429
6.90000 1.70461 5.75286 0.04484 0.07981 0.26929 0.54213 0.79197
6.95000 1.64198 5.77100 0.05774 0.06991 0.26918 0.54708 0.78953
7.00000 1.57915 5.78846 0.06974 0.06015 0.26861 0.55217 0.78698
7.05000 1.51613 5.80525 0.08070 0.05065 0.26756 0.55740 0.78432
7.10000 1.45294 5.82135 0.09060 0.04143 0.26605 0.56275 0.78154
7.15000 1.38957 5.83677 0.09942 0.03252 0.26410 0.56821 0.77867
7.20000 1.32604 5.85150 0.10716 0.02396 0.26174 0.57376 0.77570
7.25000 1.26235 5.86555 0.11383 0.01574 0.25899 0.57939 0.77265
7.30000 1.19852 5.87891 0.11941 0.00791 0.25588 0.58508 0.76951
7.35000 1.13454 5.89159 0.12390 0.00048 0.25243 0.59082 0.76630
7.40000 1.07042 5.90357 0.12730 -0.00653 0.24867 0.59658 0.76303
7.45000 1.00618 5.91486 0.12960 -0.01310 0.24463 0.60237 0.75970
7.50000 0.94183 5.92545 0.13080 -0.01921 0.24033 0.60816 0.75632
7.55000 0.87736 5.93535 0.13090 -0.02484 0.23580 0.61394 0.75290
7.60000 0.81278 5.94455 0.12990 -0.02998 0.23108 0.61971 0.74944
7.65000 0.74811 5.95305 0.12778 -0.03460 0.22619 0.62545 0.74596
7.70000 0.68336 5.96085 0.12455 -0.03869 0.22116 0.63114 0.74246
7.75000 0.61852 5.96794 0.12020 -0.04223 0.21603 0.63679 0.73895
7.80000 0.55361 5.97433 0.11473 -0.04521 0.21082 0.64238 0.73543
7.85000 0.48863 5.98002 0.10814 -0.04761 0.20557 0.64791 0.73190
7.90000 0.42360 5.98500 0.10041 -0.04942 0.20030 0.65337 0.72838
7.95000 0.35851 5.98927 0.09156 -0.05062 0.19506 0.65876 0.72487
8.00000 0.29339 5.99282 0.08156 -0.05121 0.18987 0.66406 0.72136
8.05000 0.22823 5.99567 0.07046 -0.05116 0.18478 0.66927 0.71785
8.10000 0.16304 5.99780 0.05840 -0.05054 0.17984 0.67440 0.71435
8.15000 0.09783 5.99922 0.04556 -0.04940 0.17512 0.67941 0.71084
8.20000 0.03261 5.99993 0.03212 -0.04779 0.17067 0.68432 0.70732
8.25000 -0.03261 5.99993 0.01827 -0.04577 0.16655 0.68910 0.70378
8.30000 -0.09783 5.99921 0.00418 -0.04340 0.16284 0.69375 0.70022
8.35000 -0.16304 5.99779 -0.00996 -0.04074 0.15957 0.69827 0.69663
8.40000 -0.22823 5.99566 -0.02397 -0.03786 0.15682 0.70265 0.69300
8.45000 -0.29339 5.99283 -0.03768 -0.03480 0.15463 0.70688 0.68934
8.50000 -0.35851 5.98928 -0.05089 -0.03165 0.15306 0.71096 0.68564
8.55000 -0.42360 5.98503 -0.06344 -0.02847 0.15216 0.71487 0.68190
8.60000 -0.48863 5.98007 -0.07513 -0.02532 0.15198 0.71862 0.67812
8.65000 -0.55361 5.97440 -0.08580 -0.02227 0.15257 0.72217 0.67431
8.70000 -0.61852 5.96803 -0.09524 -0.01938 0.15399 0.72553 0.67046
8.75000 -0.68336 5.96096 -0.10330 -0.01674 0.15626 0.72867 0.66658
8.80000 -0.74812 5.95318 -0.10978 -0.01441 0.15944 0.73158 0.66269
8.85000 -0.81279 5.94470 -0.11450 -0.01245 0.16357 0.73423 0.65878
8.90000 -0.87736 5.93551 -0.11728 -0.01095 0.16868 0.73660 0.65487
8.95000 -0.94183 5.92562 -0.11794 -0.00998 0.17481 0.73864 0.65096
9.00000 -1.00619 5.91503 -0.11631 -0.00961 0.18199 0.74032 0.64708
9.05000 -1.07042 5.90374 -0.11226 -0.00990 0.19021 0.74160 0.64324
9.10000 -1.13453 5.89175 -0.10594 -0.01082 0.19931 0.74248 0.63943
9.15000 -1.19851 5.87906 -0.09758 -0.01234 0.20910 0.74299 0.63568
9.20000 -1.26235 5.86568 -0.08738 -0.01440 0.21938 0.74315 0.63198
9.25000 -1.32603 5.85161 -0.07557 -0.01696 0.22996 0.74298 0.62834
9.30000 -1.38956 5.83684 -0.06236 -0.01996 0.24066 0.74255 0.62474
9.35000 -1.45293 5.82139 -0.04797 -0.02335 0.25129 0.74190 0.62120
9.40000 -1.51612 5.80524 -0.03262 -0.02706 0.26168 0.74110 0.61771
9.45000 -1.57914 5.78842 -0.01651 -0.03103 0.27166 0.74023 0.61424
9.50000 -1.64197 5.77091 0.00013 -0.03519 0.28106 0.73938 0.61080
9.55000 -1.70460 5.75272 0.01709 -0.03948 0.28973 0.73865 0.60737
9.60000 -1.76704 5.73385 0.03415 -0.04381 0.29751 0.73814 0.60392
9.65000 -1.82926 5.71431 0.05109 -0.04811 0.30427 0.73796 0.60044
9.70000 -1.89128 5.69409 0.06770 -0.05231 0.30984 0.73822 0.59690
9.75000 -1.95306 5.67320 0.08375 -0.05633 0.31410 0.73905 0.59327
9.80000 -2.01462 5.65165 0.09905 -0.06007 0.31691 0.74054 0.58954
9.85000 -2.07594 5.62942 0.11336 -0.06346 0.31812 0.74282 0.58565
9.90000 -2.13701 5.60652 0.12647 -0.06639 0.31759 0.74597 0.58160
9.95000 -2.19783 5.58297 0.13817 -0.06878 0.31518 0.75007 0.57734
10.00000 -2.25839 5.55875 0.14824 -0.07052 0.31073 0.75519 0.57286
10.05000 -2.31868 5.53387 0.15651 -0.07152 0.30413 0.76133 0.56813
10.10000 -2.37869 5.50834 0.16300 -0.07177 0.29553 0.76835 0.56316
10.15000 -2.43843 5.48215 0.16779 -0.07127 0.28511 0.77607 0.55798
10.20000 -2.49787 5.45532 0.17094 -0.07002 0.27307 0.78431 0.55262
10.25000 -2.55703 5.42784 0.17254 -0.06804 0.25960 0.79287 0.54711
10.30000 -2.61587 5.39972 0.17265 -0.06534 0.24491 0.80159 0.54149
10.35000 -2.67442 5.37096 0.17134 -0.06195 0.22922 0.81029 0.53578
10.40000 -2.73264 5.34156 0.16868 -0.05790 0.21273 0.81882 0.53002
10.45000 -2.79054 5.31154 0.16475 -0.05323 0.19569 0.82706 0.52425
10.50000 -2.84812 5.28089 0.15962 -0.04798 0.17832 0.83490 0.51850
10.55000 -2.90535 5.24962 0.15336 -0.04221 0.16088 0.84225 0.51278
10.60000 -2.96225 5.21773 0.14605 -0.03597 0.14361 0.84906 0.50713
10.65000 -3.01880 5.18522 0.13774 -0.02933 0.12676 0.85528 0.50156
10.70000 -3.07498 5.15211 0.12852 -0.02236 0.11060 0.86092 0.49607
10.75000 -3.13081 5.11838 0.11846 -0.01515 0.09538 0.86598 0.49066
10.80000 -3.18627 5.08405 0.10763 -0.00778 0.08135 0.87050 0.48534
10.85000 -3.24135 5.04912 0.09611 -0.00033 0.06878 0.87452 0.48009
10.90000 -3.29604 5.01359 0.08395 0.00710 0.05790 0.87811 0.47490
10.95000 -3.35035 4.97746 0.07124 0.01441 0.04896 0.88133 0.46974
11.00000 -3.40426 4.94075 0.05804 0.02149 0.04221 0.88425 0.46460
11.05000 -3.45776 4.90345 0.04445 0.02825 0.03780 0.88695 0.45944
11.10000 -3.51086 4.86557 0.03057 0.03465 0.03565 0.88948 0.45426
11.15000 -3.56354 4.82712 0.01653 0.04064 0.03558 0.89188 0.44903
11.20000 -3.61580 4.78809 0.00247 0.04619 0.03743 0.89417 0.44375
11.25000 -3.66763 4.74850 -0.01149 0.05129 0.04102 0.89637 0.43842
11.30000 -3.71903 4.70835 -0.02521 0.05591 0.04620 0.89845 0.43304
11.35000 -3.76999 4.66764 -0.03858 0.06003 0.05277 0.90042 0.42761
11.40000 -3.82050 4.62638 -0.05146 0.06363 0.06059 0.90225 0.42216
11.45000 -3.87056 4.58457 -0.06372 0.06671 0.06947 0.90393 0.41670
11.50000 -3.92017 4.54223 -0.07523 0.06926 0.07924 0.90543 0.41123
11.55000 -3.96932 4.49935 -0.08587 0.07128 0.08974 0.90675 0.40579
11.60000 -4.01799 4.45593 -0.09551 0.07276 0.10078 0.90787 0.40039
11.65000 -4.06620 4.41199 -0.10402 0.07372 0.11220 0.90880 0.39505
11.70000 -4.11392 4.36754 -0.11126 0.07417 0.12383 0.90953 0.38977
11.75000 -4.16116 4.32256 -0.11712 0.07411 0.13550 0.91008 0.38459
11.80000 -4.20790 4.27708 -0.12146 0.07356 0.14703 0.91047 0.37950
11.85000 -4.25415 4.23109 -0.12416 0.07254 0.15826 0.91073 0.37451
11.90000 -4.29989 4.18460 -0.12508 0.07109 0.16902 0.91091 0.36963
11.95000 -4.34513 4.13761 -0.12410 0.06921 0.17915 0.91104 0.36486
12.00000 -4.38985 4.09013 -0.12108 0.06695 0.18849 0.91118 0.36018
12.05000 -4.43405 4.04217 -0.11596 0.06432 0.19692 0.91139 0.35560
12.10000 -4.47773 3.99373 -0.10888 0.06138 0.20445 0.91168 0.35110
12.15000 -4.52087 3.94482 -0.10004 0.05817 0.21115 0.91206 0.34667
12.20000 -4.56348 3.89544 -0.08962 0.05471 0.21707 0.91253 0.34230
12.25000 -4.60555 3.84560 -0.07784 0.05105 0.22228 0.91311 0.33796
12.30000 -4.64708 3.79531 -0.06489 0.04723 0.22683 0.91378 0.33366
12.35000 -4.68806 3.74456 -0.05096 0.04327 0.23078 0.91454 0.32938
12.40000 -4.72848 3.69338 -0.03626 0.03921 0.23419 0.91538 0.32511
12.45000 -4.76835 3.64176 -0.02098 0.03509 0.23713 0.91630 0.32084
12.50000 -4.80766 3.58971 -0.00531 0.03092 0.23964 0.91728 0.31657
12.55000 -4.84640 3.53724 0.01053 0.02675 0.24180 0.91831 0.31228
12.60000 -4.88456 3.48435 0.02636 0.02261 0.24367 0.91939 0.30797
12.65000 -4.92215 3.43104 0.04198 0.01851 0.24530 0.92049 0.30363
12.70000 -4.95916 3.37734 0.05718 0.01449 0.24675 0.92160 0.29927
12.75000 -4.99559 3.32323 0.07178 0.01057 0.24809 0.92271 0.29487
12.80000 -5.03142 3.26874 0.08557 0.00677 0.24939 0.92380 0.29044
12.85000 -5.06666 3.21385 0.09836 0.00313 0.25069 0.92486 0.28598
12.90000 -5.10130 3.15859 0.10995 -0.00035 0.25208 0.92586 0.28148
12.95000 -5.13534 3.10295 0.12013 -0.00363 0.25360 0.92681 0.27696
13.00000 -5.16876 3.04695 0.12872 -0.00671 0.25532 0.92767 0.27240
13.05000 -5.20158 2.99058 0.13557 -0.00957 0.25729 0.92843 0.26781
13.10000 -5.23378 2.93386 0.14069 -0.01227 0.25946 0.92911 0.26320
13.15000 -5.26535 2.87679 0.14419 -0.01485 0.26175 0.92973 0.25859
13.20000 -5.29631 2.81938 0.14613 -0.01738 0.26410 0.93030 0.25396
13.25000 -5.32664 2.76164 0.14660 -0.01992 0.26642 0.93083 0.24934
13.30000 -5.35634 2.70357 0.14568 -0.02251 0.26865 0.93136 0.24473
13.35000 -5.38541 2.64519 0.14345 -0.02522 0.27071 0.93189 0.24014
13.40000 -5.41384 2.58649 0.13999 -0.02809 0.27252 0.93245 0.23556
13.45000 -5.44164 2.52748 0.13538 -0.03117 0.27401 0.93305 0.23100
13.50000 -5.46879 2.46818 0.12970 -0.03450 0.27510 0.93372 0.22648
13.55000 -5.49530 2.40859 0.12303 -0.03815 0.27570 0.93449 0.22198
13.60000 -5.52116 2.34871 0.11546 -0.04215 0.27573 0.93535 0.21750
13.65000 -5.54637 2.28855 0.10706 -0.04654 0.27513 0.93635 0.21305
13.70000 -5.57092 2.22813 0.09791 -0.05137 0.27379 0.93748 0.20862
13.75000 -5.59482 2.16744 0.08810 -0.05668 0.27164 0.93878 0.20420
13.80000 -5.61805 2.10650 0.07771 -0.06251 0.26859 0.94024 0.19978
13.85000 -5.64062 2.04530 0.06681 -0.06890 0.26455 0.94187 0.19533
13.90000 -5.66253 1.98387 0.05549 -0.07588 0.25943 0.94367 0.19083
13.95000 -5.68376 1.92220 0.04382 -0.08349 0.25314 0.94565 0.18626
14.00000 -5.70432 1.86030 0.03190 -0.09177 0.24559 0.94778 0.18158
14.05000 -5.72420 1.79819 0.01980 -0.10070 0.23673 0.95004 0.17674
14.10000 -5.74341 1.73586 0.00763 -0.11018 0.22667 0.95237 0.17169
14.15000 -5.76193 1.67332 -0.00448 -0.12003 0.21556 0.95469 0.16639
14.20000 -5.77978 1.61059 -0.01642 -0.13010 0.20358 0.95696 0.16081
14.25000 -5.79694 1.54766 -0.02807 -0.14024 0.19088 0.95911 0.15493
14.30000 -5.81342 1.48455 -0.03931 -0.15029 0.17765 0.96111 0.14875
14.35000 -5.82921 1.42127 -0.05003 -0.16011 0.16405 0.96292 0.14227
14.40000 -5.84431 1.35782 -0.06012 -0.16955 0.15028 0.96452 0.13551
14.45000 -5.85872 1.29421 -0.06944 -0.17847 0.13650 0.96592 0.12851
14.50000 -5.87244 1.23044 -0.07789 -0.18674 0.12291 0.96711 0.12132
14.55000 -5.88547 1.16654 -0.08534 -0.19423 0.10969 0.96812 0.11399
14.60000 -5.89781 1.10249 -0.09169 -0.20082 0.09704 0.96896 0.10660
14.65000 -5.90945 1.03831 -0.09681 -0.20640 0.08514 0.96969 0.09922
14.70000 -5.92039 0.97401 -0.10058 -0.21085 0.07418 0.97036 0.09192
14.75000 -5.93063 0.90960 -0.10289 -0.21408 0.06435 0.97100 0.08479
14.80000 -5.94017 0.84508 -0.10363 -0.21598 0.05585 0.97168 0.07790
14.85000 -5.94901 0.78046 -0.10266 -0.21648 0.04888 0.97245 0.07133
14.90000 -5.95715 0.71575 -0.09988 -0.21546 0.04362 0.97336 0.06512
14.95000 -5.96458 0.65095 -0.09518 -0.21286 0.04029 0.97445 0.05933
15.00000 -5.97131 0.58607 -0.08842 -0.20858 0.03910 0.97573 0.05398
15.05000 -5.97732 0.52113 -0.07955 -0.20258 0.04019 0.97721 0.04907
15.10000 -5.98263 0.45612 -0.06876 -0.19504 0.04344 0.97882 0.04448
15.15000 -5.98723 0.39106 -0.05627 -0.18618 0.04864 0.98049 0.04013
15.20000 -5.99112 0.32596 -0.04232 -0.17621 0.05559 0.98213 0.03588
15.25000 -5.99431 0.26081 -0.02715 -0.16535 0.06408 0.98364 0.03163
15.30000 -5.99678 0.19564 -0.01099 -0.15379 0.07388 0.98496 0.02729
15.35000 -5.99855 0.13044 0.00593 -0.14177 0.08477 0.98600 0.02276
15.40000 -5.99961 0.06522 0.02336 -0.12948 0.09651 0.98671 0.01798
15.45000 -5.99997 0.00000 0.04107 -0.11712 0.10886 0.98705 0.01292
15.50000 -5.99961 -0.06522 0.05883 -0.10492 0.12156 0.98699 0.00754
15.55000 -5.99855 -0.13044 0.07641 -0.09305 0.13436 0.98655 0.00184
15.60000 -5.99678 -0.19564 0.09356 0.08172 -0.14700 -0.98575 0.00414
15.65000 -5.99430 -0.26081 0.11004 0.07111 -0.15922 -0.98462 0.01037
15.70000 -5.99111 -0.32596 0.12564 0.06140 -0.17075 -0.98326 0.01678
15.75000 -5.98722 -0.39106 0.14010 0.05275 -0.18133 -0.98173 0.02330
15.80000 -5.98262 -0.45612 0.15320 0.04531 -0.19071 -0.98015 0.02985
15.85000 -5.97732 -0.52113 0.16469 0.03924 -0.19862 -0.97862 0.03633
15.90000 -5.97130 -0.58608 0.17435 0.03468 -0.20480 -0.97726 0.04265
15.95000 -5.96458 -0.65095 0.18194 0.03175 -0.20899 -0.97619 0.04872
16.00000 -5.95716 -0.71575 0.18722 0.03059 -0.21092 -0.97550 0.05449
16.05000 -5.94902 -0.78046 0.19002 0.03126 -0.21040 -0.97528 0.05990
16.10000 -5.94018 -0.84508 0.19044 0.03364 -0.20757 -0.97548 0.06498
16.15000 -5.93064 -0.90960 0.18865 0.03754 -0.20266 -0.97604 0.06979
16.20000 -5.92040 -0.97402 0.18480 0.04279 -0.19589 -0.97686 0.07439
16.25000 -5.90946 -1.03831 0.17907 0.04923 -0.18749 -0.97786 0.07885
16.30000 -5.89781 -1.10249 0.17161 0.05668 -0.17768 -0.97892 0.08325
16.35000 -5.88548 -1.16654 0.16260 0.06500 -0.16672 -0.97995 0.08766
16.40000 -5.87245 -1.23044 0.15218 0.07402 -0.15485 -0.98084 0.09214
16.45000 -5.85872 -1.29421 0.14053 0.08359 -0.14230 -0.98153 0.09673
16.50000 -5.84431 -1.35782 0.12782 0.09356 -0.12935 -0.98195 0.10147
16.55000 -5.82920 -1.42127 0.11420 0.10378 -0.11626 -0.98204 0.10637
16.60000 -5.81341 -1.48455 0.09983 0.11412 -0.10329 -0.98178 0.11143
16.65000 -5.79693 -1.54766 0.08489 0.12442 -0.09072 -0.98117 0.11663
16.70000 -5.77977 -1.61058 0.06954 0.13457 -0.07882 -0.98021 0.12195
16.75000 -5.76192 -1.67332 0.05394 0.14444 -0.06786 -0.97894 0.12732
16.80000 -5.74340 -1.73585 0.03825 0.15390 -0.05813 -0.97741 0.13269
16.85000 -5.72420 -1.79819 0.02263 0.16286 -0.04990 -0.97568 0.13798
16.90000 -5.70432 -1.86030 0.00726 0.17120 -0.04345 -0.97382 0.14313
16.95000 -5.68376 -1.92220 -0.00770 0.17883 -0.03905 -0.97189 0.14805
17.00000 -5.66253 -1.98387 -0.02210 0.18567 -0.03697 -0.96998 0.15265
17.05000 -5.64063 -2.04531 -0.03578 0.19165 -0.03742 -0.96812 0.15689
17.10000 -5.61806 -2.10650 -0.04868 0.19684 -0.04020 -0.96633 0.16076
17.15000 -5.59483 -2.16744 -0.06075 0.20133 -0.04506 -0.96460 0.16429
17.20000 -5.57093 -2.22813 -0.07193 0.20519 -0.05173 -0.96289 0.16752
17.25000 -5.54637 -2.28856 -0.08218 0.20849 -0.05994 -0.96118 0.17050
17.30000 -5.52116 -2.34871 -0.09146 0.21131 -0.06943 -0.95943 0.17329
17.35000 -5.49530 -2.40859 -0.09969 0.21371 -0.07993 -0.95759 0.17594
17.40000 -5.46879 -2.46818 -0.10685 0.21575 -0.09118 -0.95565 0.17852
17.45000 -5.44164 -2.52748 -0.11288 0.21748 -0.10289 -0.95359 0.18107
17.50000 -5.41384 -2.58648 -0.11772 0.21895 -0.11481 -0.95139 0.18365
17.55000 -5.38541 -2.64518 -0.12133 0.22022 -0.12666 -0.94908 0.18631
17.60000 -5.35633 -2.70357 -0.12367 0.22133 -0.13815 -0.94666 0.18910
17.65000 -5.32663 -2.76164 -0.12467 0.22232 -0.14903 -0.94418 0.19206
17.70000 -5.29630 -2.81938 -0.12429 0.22323 -0.15902 -0.94168 0.19523
17.75000 -5.26534 -2.87679 -0.12248 0.22409 -0.16785 -0.93923 0.19865
17.80000 -5.23377 -2.93386 -0.11919 0.22491 -0.17524 -0.93689 0.20233
17.85000 -5.20157 -2.99058 -0.11437 0.22573 -0.18092 -0.93474 0.20632
17.90000 -5.16876 -3.04695 -0.10797 0.22654 -0.18463 -0.93285 0.21065
17.95000 -5.13533 -3.10295 -0.09994 0.22736 -0.18609 -0.93129 0.21535
18.00000 -5.10130 -3.15859 -0.09023 0.22818 -0.18502 -0.93011 0.22045
18.05000 -5.06667 -3.21386 -0.07884 0.22899 -0.18124 -0.92933 0.22597
18.10000 -5.03143 -3.26874 -0.06593 0.22975 -0.17492 -0.92889 0.23190
18.15000 -4.99560 -3.32324 -0.05172 0.23044 -0.16631 -0.92871 0.23820
18.20000 -4.95917 -3.37734 -0.03641 0.23101 -0.15567 -0.92868 0.24484
18.25000 -4.92216 -3.43105 -0.02023 0.23146 -0.14325 -0.92871 0.25179
18.30000 -4.88457 -3.48435 -0.00338 0.23176 -0.12931 -0.92870 0.25900
18.35000 -4.84640 -3.53724 0.01391 0.23189 -0.11412 -0.92855 0.26645
18.40000 -4.80766 -3.58971 0.03145 0.23186 -0.09793 -0.92819 0.27408
18.45000 -4.76835 -3.64176 0.04901 0.23166 -0.08101 -0.92754 0.28186
18.50000 -4.72848 -3.69338 0.06639 0.23131 -0.06363 -0.92655 0.28974
18.55000 -4.68806 -3.74456 0.08336 0.23081 -0.04605 -0.92520 0.29768
18.60000 -4.64707 -3.79530 0.09972 0.23020 -0.02855 -0.92347 0.30561
18.65000 -4.60555 -3.84559 0.11526 0.22951 -0.01139 -0.92137 0.31349
18.70000 -4.56347 -3.89543 0.12975 0.22877 0.00517 -0.91893 0.32126
18.75000 -4.52086 -3.94481 0.14299 0.22805 0.02086 -0.91619 0.32886
18.80000 -4.47772 -3.99373 0.15477 0.22739 0.03543 -0.91323 0.33624
18.85000 -4.43405 -4.04217 0.16487 0.22687 0.04862 -0.91011 0.34333
18.90000 -4.38985 -4.09013 0.17308 0.22655 0.06018 -0.90692 0.35008
18.95000 -4.34513 -4.13761 0.17919 0.22651 0.06987 -0.90375 0.35642
19.00000 -4.29990 -4.18460 0.18297 0.22685 0.07745 -0.90071 0.36231
19.05000 -4.25415 -4.23109 0.18430 0.22761 0.08274 -0.89786 0.36769
19.10000 -4.20791 -4.27708 0.18327 0.22882 0.08587 -0.89524 0.37258
19.15000 -4.16116 -4.32257 0.18008 0.23043 0.08700 -0.89285 0.37702
19.20000 -4.11393 -4.36754 0.17490 0.23241 0.08634 -0.89069 0.38105
19.25000 -4.06620 -4.41200 0.16791 0.23473 0.08405 -0.88873 0.38469
19.30000 -4.01800 -4.45594 0.15930 0.23734 0.08030 -0.88695 0.38800
19.35000 -3.96932 -4.49935 0.14925 0.24020 0.07527 -0.88530 0.39100
19.40000 -3.92017 -4.54223 0.13793 0.24324 0.06913 -0.88376 0.39374
19.45000 -3.87057 -4.58457 0.12553 0.24642 0.06205 -0.88227 0.39626
19.50000 -3.82050 -4.62638 0.11223 0.24968 0.05419 -0.88081 0.39861
19.55000 -3.76998 -4.66763 0.09822 0.25296 0.04572 -0.87935 0.40083
19.60000 -3.71902 -4.70834 0.08366 0.25620 0.03682 -0.87785 0.40298
19.65000 -3.66762 -4.74849 0.06874 0.25933 0.02763 -0.87629 0.40510
19.70000 -3.61579 -4.78808 0.05365 0.26230 0.01834 -0.87465 0.40724
19.75000 -3.56353 -4.82711 0.03857 0.26503 0.00910 -0.87293 0.40947
19.80000 -3.51085 -4.86557 0.02367 0.26746 0.00008 -0.87112 0.41184
19.85000 -3.45776 -4.90345 0.00914 0.26952 -0.00856 -0.86923 0.41440
19.90000 -3.40425 -4.94075 -0.00485 0.27113 -0.01665 -0.86726 0.41721
19.95000 -3.35035 -4.97746 -0.01811 0.27222 -0.02405 -0.86523 0.42034
20.00000 -3.29604 -5.01359 -0.03045 0.27272 -0.03059 -0.86317 0.42383
20.05000 -3.24135 -5.04912 -0.04174 0.27255 -0.03615 -0.86108 0.42773
20.10000 -3.18627 -5.08406 -0.05193 0.27174 -0.04076 -0.85899 0.43202
20.15000 -3.13082 -5.11839 -0.06103 0.27030 -0.04451 -0.85689 0.43668
20.20000 -3.07499 -5.15211 -0.06903 0.26828 -0.04745 -0.85480 0.44169
20.25000 -3.01880 -5.18523 -0.07593 0.26571 -0.04967 -0.85272 0.44700
20.30000 -2.96225 -5.21773 -0.08173 0.26260 -0.05124 -0.85064 0.45259
20.35000 -2.90536 -5.24962 -0.08642 0.25901 -0.05222 -0.84855 0.45842
20.40000 -2.84812 -5.28089 -0.09002 0.25495 -0.05267 -0.84647 0.46446
20.45000 -2.79054 -5.31154 -0.09250 0.25046 -0.05268 -0.84437 0.47068
20.50000 -2.73264 -5.34156 -0.09388 0.24559 -0.05231 -0.84225 0.47704
20.55000 -2.67441 -5.37095 -0.09414 0.24036 -0.05162 -0.84011 0.48351
20.60000 -2.61587 -5.39971 -0.09330 0.23481 -0.05068 -0.83793 0.49006
20.65000 -2.55702 -5.42783 -0.09134 0.22900 -0.04956 -0.83572 0.49666
20.70000 -2.49787 -5.45530 -0.08826 0.22295 -0.04832 -0.83347 0.50328
20.75000 -2.43842 -5.48214 -0.08406 0.21673 -0.04702 -0.83116 0.50989
20.80000 -2.37869 -5.50833 -0.07874 0.21036 -0.04572 -0.82880 0.51647
20.85000 -2.31867 -5.53386 -0.07230 0.20391 -0.04449 -0.82638 0.52300
20.90000 -2.25838 -5.55875 -0.06474 0.19743 -0.04339 -0.82391 0.52945
20.95000 -2.19783 -5.58297 -0.05604 0.19097 -0.04248 -0.82136 0.53580
21.00000 -2.13701 -5.60653 -0.04622 0.18459 -0.04182 -0.81875 0.54205
21.05000 -2.07594 -5.62943 -0.03530 0.17833 -0.04145 -0.81607 0.54818
21.10000 -2.01462 -5.65166 -0.02342 0.17221 -0.04135 -0.81333 0.55419
21.15000 -1.95307 -5.67322 -0.01075 0.16625 -0.04150 -0.81052 0.56009
21.20000 -1.89128 -5.69411 0.00254 0.16043 -0.04186 -0.80764 0.56589
21.25000 -1.82927 -5.71433 0.01628 0.15477 -0.04242 -0.80470 0.57158
21.30000 -1.76704 -5.73387 0.03030 0.14927 -0.04314 -0.80170 0.57718
21.35000 -1.70461 -5.75274 0.04443 0.14393 -0.04398 -0.79864 0.58268
21.40000 -1.64197 -5.77092 0.05849 0.13876 -0.04493 -0.79553 0.58810
21.45000 -1.57914 -5.78843 0.07232 0.13375 -0.04596 -0.79237 0.59343
21.50000 -1.51612 -5.80525 0.08575 0.12891 -0.04702 -0.78915 0.59868
21.55000 -1.45293 -5.82139 0.09860 0.12424 -0.04810 -0.78589 0.60385
21.60000 -1.38956 -5.83684 0.11071 0.11973 -0.04917 -0.78258 0.60894
21.65000 -1.32603 -5.85161 0.12190 0.11539 -0.05019 -0.77924 0.61397
21.70000 -1.26234 -5.86568 0.13201 0.11121 -0.05114 -0.77586 0.61892
21.75000 -1.19851 -5.87906 0.14087 0.10720 -0.05198 -0.77244 0.62381
21.80000 -1.13453 -5.89175 0.14829 0.10333 -0.05269 -0.76900 0.62864
21.85000 -1.07042 -5.90374 0.15412 0.09963 -0.05325 -0.76553 0.63340
21.90000 -1.00618 -5.91503 0.15819 0.09606 -0.05361 -0.76205 0.63811
21.95000 -0.94183 -5.92562 0.16031 0.09264 -0.05376 -0.75855 0.64275
22.00000 -0.87736 -5.93551 0.16033 0.08936 -0.05366 -0.75503 0.64735
22.05000 -0.81279 -5.94469 0.15813 0.08621 -0.05329 -0.75151 0.65189
22.10000 -0.74812 -5.95317 0.15383 0.08321 -0.05266 -0.74798 0.65638
22.15000 -0.68336 -5.96095 0.14762 0.08037 -0.05178 -0.74444 0.66081
22.20000 -0.61852 -5.96802 0.13968 0.07770 -0.05068 -0.74089 0.66519
22.25000 -0.55361 -5.97439 0.13019 0.07522 -0.04936 -0.73733 0.66952
22.30000 -0.48863 -5.98004 0.11934 0.07296 -0.04784 -0.73375 0.67379
22.35000 -0.42360 -5.98500 0.10731 0.07092 -0.04613 -0.73017 0.67801
22.40000 -0.35851 -5.98925 0.09428 0.06913 -0.04425 -0.72656 0.68218
22.45000 -0.29339 -5.99279 0.08043 0.06759 -0.04220 -0.72294 0.68630
22.50000 -0.22823 -5.99562 0.06595 0.06634 -0.04001 -0.71931 0.69036
22.55000 -0.16304 -5.99775 0.05102 0.06538 -0.03768 -0.71565 0.69437
22.60000 -0.09783 -5.99917 0.03582 0.06474 -0.03522 -0.71197 0.69833
22.65000 -0.03261 -5.99988 0.02053 0.06443 -0.03265 -0.70827 0.70224
22.70000 0.03261 -5.99989 0.00535 0.06447 -0.02998 -0.70455 0.70609
22.75000 0.09783 -5.99918 -0.00956 0.06489 -0.02721 -0.70080 0.70988
22.80000 0.16304 -5.99777 -0.02400 0.06570 -0.02436 -0.69702 0.71362
22.85000 0.22823 -5.99565 -0.03779 0.06692 -0.02144 -0.69322 0.71729
22.90000 0.29339 -5.99282 -0.05076 0.06857 -0.01845 -0.68940 0.72090
22.95000 0.35852 -5.98928 -0.06271 0.07068 -0.01540 -0.68554 0.72443
23.00000 0.42360 -5.98503 -0.07347 0.07325 -0.01230 -0.68167 0.72788
23.05000 0.48863 -5.98007 -0.08288 0.07630 -0.00917 -0.67776 0.73125
23.10000 0.55361 -5.97440 -0.09094 0.07976 -0.00601 -0.67384 0.73454
23.15000 0.61852 -5.96803 -0.09768 0.08355 -0.00283 -0.66989 0.73774
23.20000 0.68336 -5.96094 -0.10313 0.08758 0.00035 -0.66592 0.74087
23.25000 0.74811 -5.95316 -0.10730 0.09177 0.00351 -0.66193 0.74392
23.30000 0.81278 -5.94467 -0.11023 0.09605 0.00664 -0.65792 0.74691
23.35000 0.87735 -5.93548 -0.11194 0.10033 0.00970 -0.65389 0.74984
23.40000 0.94182 -5.92559 -0.11246 0.10454 0.01270 -0.64985 0.75273
23.45000 1.00618 -5.91500 -0.11182 0.10859 0.01559 -0.64579 0.75559
23.50000 1.07042 -5.90371 -0.11004 0.11242 0.01835 -0.64171 0.75844
23.55000 1.13453 -5.89173 -0.10715 0.11593 0.02095 -0.63762 0.76129
23.60000 1.19851 -5.87905 -0.10318 0.11906 0.02338 -0.63351 0.76416
23.65000 1.26235 -5.86567 -0.09815 0.12173 0.02559 -0.62938 0.76708
23.70000 1.32604 -5.85161 -0.09210 0.12387 0.02755 -0.62523 0.77006
23.75000 1.38957 -5.83685 -0.08504 0.12540 0.02923 -0.62106 0.77312
23.80000 1.45294 -5.82141 -0.07700 0.12626 0.03060 -0.61686 0.77628
23.85000 1.51613 -5.80528 -0.06802 0.12636 0.03162 -0.61263 0.77956
23.90000 1.57915 -5.78846 -0.05812 0.12563 0.03224 -0.60837 0.78298
23.95000 1.64198 -5.77095 -0.04732 0.12401 0.03243 -0.60407 0.78655
24.00000 1.70461 -5.75276 -0.03565 0.12142 0.03215 -0.59974 0.79028
24.05000 1.76705 -5.73389 -0.02316 0.11783 0.03137 -0.59536 0.79416
24.10000 1.82927 -5.71434 -0.00999 0.11336 0.03010 -0.59093 0.79815
24.15000 1.89128 -5.69412 0.00370 0.10815 0.02841 -0.58647 0.80222
24.20000 1.95306 -5.67322 0.01776 0.10237 0.02633 -0.58197 0.80631
24.25000 2.01461 -5.65165 0.03201 0.09617 0.02392 -0.57744 0.81040
24.30000 2.07593 -5.62941 0.04631 0.08970 0.02123 -0.57288 0.81444
24.35000 2.13700 -5.60650 0.06050 0.08313 0.01831 -0.56830 0.81841
24.40000 2.19781 -5.58294 0.07440 0.07659 0.01524 -0.56370 0.82228
24.45000 2.25837 -5.55872 0.08788 0.07026 0.01208 -0.55908 0.82604
24.50000 2.31866 -5.53384 0.10075 0.06426 0.00889 -0.55445 0.82968
24.55000 2.37868 -5.50831 0.11288 0.05877 0.00575 -0.54981 0.83320
24.60000 2.43842 -5.48213 0.12408 0.05393 0.00273 -0.54516 0.83659
24.65000 2.49787 -5.45530 0.13422 0.04988 -0.00010 -0.54050 0.83986
24.70000 2.55703 -5.42783 0.14311 0.04677 -0.00263 -0.53584 0.84302
24.75000 2.61588 -5.39972 0.15062 0.04475 -0.00481 -0.53118 0.84606
24.80000 2.67443 -5.37097 0.15657 0.04396 -0.00653 -0.52652 0.84900
24.85000 2.73265 -5.34158 0.16081 0.04454 -0.00770 -0.52187 0.85183
24.90000 2.79056 -5.31157 0.16318 0.04663 -0.00823 -0.51722 0.85454
24.95000 2.84813 -5.28092 0.16351 0.05036 -0.00803 -0.51260 0.85711
25.00000 2.90537 -5.24965 0.16166 0.05587 -0.00699 -0.50802 0.85951
25.05000 2.96226 -5.21776 0.15751 0.06323 -0.00504 -0.50348 0.86167
25.10000 3.01881 -5.18524 0.15122 0.07229 -0.00220 -0.49901 0.86357
25.15000 3.07499 -5.15212 0.14300 0.08283 0.00146 -0.49464 0.86514
25.20000 3.13081 -5.11838 0.13306 0.09465 0.00588 -0.49036 0.86635
25.25000 3.18626 -5.08404 0.12161 0.10753 0.01098 -0.48620 0.86714
25.30000 3.24134 -5.04910 0.10887 0.12126 0.01671 -0.48218 0.86748
25.35000 3.29603 -5.01357 0.09503 0.13563 0.02297 -0.47831 0.86735
25.40000 3.35033 -4.97744 0.08032 0.15044 0.02969 -0.47460 0.86674
25.45000 3.40424 -4.94072 0.06494 0.16548 0.03677 -0.47104 0.86567
25.50000 3.45774 -4.90343 0.04910 0.18054 0.04413 -0.46765 0.86415
25.55000 3.51084 -4.86555 0.03301 0.19545 0.05167 -0.46441 0.86224
25.60000 3.56353 -4.82710 0.01689 0.21000 0.05930 -0.46131 0.85999
25.65000 3.61579 -4.78808 0.00094 0.22402 0.06692 -0.45832 0.85748
25.70000 3.66763 -4.74849 -0.01462 0.23734 0.07442 -0.45542 0.85482
25.75000 3.71903 -4.70835 -0.02959 0.24979 0.08170 -0.45258 0.85212
25.80000 3.77000 -4.66765 -0.04376 0.26123 0.08867 -0.44974 0.84949
25.85000 3.82052 -4.62640 -0.05690 0.27151 0.09522 -0.44687 0.84707
25.90000 3.87059 -4.58460 -0.06882 0.28050 0.10125 -0.44390 0.84500
25.95000 3.92019 -4.54225 -0.07931 0.28807 0.10664 -0.44078 0.84342
26.00000 3.96934 -4.49937 -0.08814 0.29409 0.11130 -0.43745 0.84247
26.05000 4.01801 -4.45596 -0.09517 0.29848 0.11513 -0.43385 0.84228
26.10000 4.06621 -4.41202 -0.10043 0.30133 0.11816 -0.42996 0.84283
26.15000 4.11393 -4.36755 -0.10400 0.30277 0.12043 -0.42579 0.84412
26.20000 4.16116 -4.32257 -0.10599 0.30290 0.12199 -0.42133 0.84608
26.25000 4.20789 -4.27708 -0.10646 0.30185 0.12289 -0.41660 0.84867
26.30000 4.25414 -4.23108 -0.10552 0.29970 0.12316 -0.41161 0.85182
26.35000 4.29987 -4.18458 -0.10325 0.29656 0.12285 -0.40637 0.85547
26.40000 4.34511 -4.13759 -0.09973 0.29253 0.12202 -0.40090 0.85954
26.45000 4.38983 -4.09011 -0.09506 0.28770 0.12071 -0.39523 0.86397
26.50000 4.43403 -4.04215 -0.08932 0.28216 0.11898 -0.38939 0.86868
26.55000 4.47771 -3.99371 -0.08261 0.27600 0.11688 -0.38339 0.87360
26.60000 4.52086 -3.94480 -0.07500 0.26931 0.11445 -0.37727 0.87866
26.65000 4.56347 -3.89543 -0.06659 0.26219 0.11177 -0.37105 0.88379
26.70000 4.60555 -3.84559 -0.05747 0.25473 0.10890 -0.36475 0.88894
26.75000 4.64709 -3.79531 -0.04772 0.24702 0.10589 -0.35842 0.89404
26.80000 4.68807 -3.74457 -0.03743 0.23916 0.10282 -0.35206 0.89905
26.85000 4.72850 -3.69339 -0.02669 0.23123 0.09976 -0.34571 0.90392
26.90000 4.76838 -3.64178 -0.01559 0.22335 0.09678 -0.33938 0.90861
26.95000 4.80768 -3.58973 -0.00421 0.21560 0.09397 -0.33310 0.91309
27.00000 4.84642 -3.53726 0.00736 0.20808 0.09139 -0.32689 0.91733
27.05000 4.88459 -3.48437 0.01902 0.20086 0.08911 -0.32075 0.92132
27.10000 4.92217 -3.43106 0.03069 0.19398 0.08713 -0.31469 0.92507
27.15000 4.95917 -3.37735 0.04225 0.18742 0.08542 -0.30870 0.92859
27.20000 4.99559 -3.32324 0.05362 0.18118 0.08395 -0.30277 0.93191
27.25000 5.03141 -3.26874 0.06468 0.17528 0.08270 -0.29690 0.93503
27.30000 5.06664 -3.21385 0.07535 0.16970 0.08164 -0.29109 0.93798
27.35000 5.10128 -3.15858 0.08552 0.16445 0.08074 -0.28532 0.94076
27.40000 5.13531 -3.10294 0.09510 0.15953 0.07997 -0.27960 0.94339
27.45000 5.16873 -3.04693 0.10397 0.15495 0.07931 -0.27392 0.94587
27.50000 5.20155 -2.99056 0.11206 0.15069 0.07873 -0.26828 0.94822
27.55000 5.23375 -2.93384 0.11924 0.14678 0.07820 -0.26267 0.95044
27.60000 5.26534 -2.87678 0.12544 0.14320 0.07769 -0.25709 0.95255
27.65000 5.29630 -2.81937 0.13053 0.13997 0.07718 -0.25154 0.95456
27.70000 5.32664 -2.76164 0.13444 0.13708 0.07663 -0.24602 0.95646
27.75000 5.35635 -2.70357 0.13705 0.13454 0.07602 -0.24052 0.95826
27.80000 5.38542 -2.64519 0.13826 0.13236 0.07533 -0.23504 0.95998
27.85000 5.41387 -2.58649 0.13799 0.13054 0.07451 -0.22958 0.96161
27.90000 5.44167 -2.52749 0.13612 0.12909 0.07356 -0.22414 0.96317
27.95000 5.46882 -2.46819 0.13257 0.12800 0.07242 -0.21871 0.96464
28.00000 5.49533 -2.40860 0.12722 0.12730 0.07109 -0.21329 0.96605
28.05000 5.52119 -2.34872 0.12003 0.12698 0.06954 -0.20787 0.96738
28.10000 5.54639 -2.28857 0.11115 0.12700 0.06781 -0.20246 0.96865
28.15000 5.57093 -2.22814 0.10077 0.12733 0.06592 -0.19705 0.96985
28.20000 5.59482 -2.16745 0.08910 0.12791 0.06394 -0.19163 0.97099
28.25000 5.61804 -2.10650 0.07633 0.12871 0.06188 -0.18620 0.97208
28.30000 5.64061 -2.04530 0.06266 0.12968 0.05979 -0.18077 0.97310
28.35000 5.66250 -1.98387 0.04828 0.13077 0.05772 -0.17533 0.97408
28.40000 5.68373 -1.92219 0.03340 0.13193 0.05568 -0.16988 0.97501
28.45000 5.70429 -1.86029 0.01822 0.13312 0.05372 -0.16442 0.97589
28.50000 5.72417 -1.79818 0.00292 0.13429 0.05187 -0.15895 0.97673
28.55000 5.74338 -1.73585 -0.01229 0.13539 0.05017 -0.15348 0.97755
28.60000 5.76191 -1.67331 -0.02722 0.13637 0.04864 -0.14800 0.97833
28.65000 5.77977 -1.61058 -0.04166 0.13718 0.04732 -0.14252 0.97910
28.70000 5.79694 -1.54765 -0.05541 0.13777 0.04623 -0.13704 0.97985
28.75000 5.81342 -1.48455 -0.06829 0.13809 0.04540 -0.13156 0.98059
28.80000 5.82922 -1.42127 -0.08010 0.13807 0.04486 -0.12609 0.98134
28.85000 5.84433 -1.35782 -0.09062 0.13768 0.04464 -0.12063 0.98209
28.90000 5.85875 -1.29421 -0.09968 0.13686 0.04475 -0.11518 0.98285
28.95000 5.87248 -1.23045 -0.10706 0.13555 0.04523 -0.10974 0.98364
29.00000 5.88551 -1.16654 -0.11258 0.13369 0.04610 -0.10431 0.98444
29.05000 5.89784 -1.10250 -0.11608 0.13126 0.04736 -0.09889 0.98527
29.10000 5.90947 -1.03832 -0.11764 0.12829 0.04896 -0.09348 0.98611
29.15000 5.92040 -0.97402 -0.11737 0.12486 0.05086 -0.08806 0.98695
29.20000 5.93064 -0.90961 -0.11540 0.12103 0.05298 -0.08263 0.98778
29.25000 5.94017 -0.84508 -0.11185 0.11687 0.05528 -0.07719 0.98860
29.30000 5.94900 -0.78046 -0.10683 0.11245 0.05770 -0.07173 0.98938
29.35000 5.95713 -0.71575 -0.10046 0.10784 0.06019 -0.06626 0.99013
29.40000 5.96455 -0.65095 -0.09288 0.10312 0.06269 -0.06076 0.99083
29.45000 5.97127 -0.58607 -0.08419 0.09835 0.06516 -0.05524 0.99148
29.50000 5.97729 -0.52113 -0.07453 0.09362 0.06754 -0.04970 0.99207
29.55000 5.98260 -0.45612 -0.06400 0.08900 0.06980 -0.04414 0.99260
29.60000 5.98721 -0.39106 -0.05273 0.08457 0.07188 -0.03857 0.99307
29.65000 5.99111 -0.32595 -0.04084 0.08040 0.07374 -0.03299 0.99348
29.70000 5.99430 -0.26081 -0.02845 0.07658 0.07534 -0.02741 0.99383
29.75000 5.99679 -0.19563 -0.01569 0.07318 0.07665 -0.02184 0.99413
29.80000 5.99857 -0.13043 -0.00266 0.07029 0.07761 -0.01628 0.99437
29.85000 5.99964 -0.06522 0.01050 0.06799 0.07820 -0.01074 0.99456
29.90000 6.00000 0.00000 0.02368 0.06635 0.07838 -0.00523 0.99470
29.95000 5.99964 0.06522 0.03675 0.06548 0.07813 0.00026 0.99479
30.00000 5.99858 0.13044 0.04960 0.06544 0.07739 0.00571 0.99483
30.05000 5.99681 0.19563 0.06212 0.06630 0.07618 0.01113 0.99483
30.10000 5.99432 0.26081 0.07421 0.06801 0.07456 0.01652 0.99476
30.15000 5.99113 0.32595 0.08580 0.07050 0.07264 0.02189 0.99462
30.20000 5.98723 0.39106 0.09681 0.07370 0.07051 0.02724 0.99441
30.25000 5.98262 0.45612 0.10716 0.07752 0.06826 0.03258 0.99412
30.30000 5.97730 0.52113 0.11678 0.08189 0.06599 0.03792 0.99373
30.35000 5.97128 0.58607 0.12559 0.08673 0.06379 0.04325 0.99325
30.40000 5.96455 0.65095 0.13351 0.09195 0.06175 0.04857 0.99266
30.45000 5.95712 0.71574 0.14046 0.09747 0.05996 0.05388 0.99197
30.50000 5.94899 0.78046 0.14636 0.10320 0.05850 0.05917 0.99117
30.55000 5.94015 0.84508 0.15114 0.10905 0.05745 0.06443 0.99028
30.60000 5.93062 0.90960 0.15471 0.11493 0.05689 0.06965 0.98929
30.65000 5.92038 0.97402 0.15701 0.12075 0.05692 0.07481 0.98822
30.70000 5.90945 1.03832 0.15794 0.12642 0.05759 0.07990 0.98708
30.75000 5.89782 1.10250 0.15744 0.13183 0.05899 0.08489 0.98587
30.80000 5.88549 1.16654 0.15542 0.13690 0.06119 0.08977 0.98461
30.85000 5.87247 1.23045 0.15181 0.14153 0.06425 0.09451 0.98331
30.90000 5.85875 1.29422 0.14653 0.14561 0.06826 0.09910 0.98200
30.95000 5.84434 1.35783 0.13951 0.14905 0.07326 0.10351 0.98066
31.00000 5.82923 1.42128 0.13065 0.15173 0.07933 0.10774 0.97932
31.05000 5.81344 1.48456 0.11994 0.15358 0.08650 0.11176 0.97798
31.10000 5.79696 1.54766 0.10756 0.15460 0.09465 0.11560 0.97661
31.15000 5.77978 1.61058 0.09374 0.15482 0.10365 0.11928 0.97522
31.20000 5.76193 1.67331 0.07870 0.15428 0.11337 0.12282 0.97379
31.25000 5.74340 1.73585 0.06269 0.15300 0.12366 0.12626 0.97230
31.30000 5.72418 1.79818 0.04593 0.15103 0.13440 0.12961 0.97074
31.35000 5.70429 1.86029 0.02865 0.14841 0.14544 0.13292 0.96910
31.40000 5.68373 1.92219 0.01108 0.14520 0.15667 0.13622 0.96738
31.45000 5.66250 1.98386 -0.00654 0.14143 0.16794 0.13953 0.96557
31.50000 5.64060 2.04530 -0.02399 0.13717 0.17913 0.14288 0.96368
31.55000 5.61803 2.10649 -0.04103 0.13247 0.19012 0.14631 0.96172
31.60000 5.59480 2.16744 -0.05743 0.12740 0.20077 0.14985 0.95969
31.65000 5.57091 2.22813 -0.07296 0.12201 0.21097 0.15352 0.95762
31.70000 5.54637 2.28856 -0.08739 0.11639 0.22059 0.15734 0.95553
31.75000 5.52117 2.34872 -0.10048 0.11059 0.22952 0.16135 0.95345
31.80000 5.49532 2.40860 -0.11202 0.10469 0.23764 0.16555 0.95140
31.85000 5.46881 2.46819 -0.12176 0.09876 0.24483 0.16998 0.94943
31.90000 5.44166 2.52750 -0.12947 0.09289 0.25098 0.17466 0.94756
31.95000 5.41387 2.58650 -0.13493 0.08714 0.25598 0.17958 0.94585
32.00000 5.38544 2.64520 -0.13790 0.08161 0.25971 0.18478 0.94432
32.05000 5.35636 2.70358 -0.13822 0.07634 0.26211 0.19026 0.94301
32.10000 5.32666 2.76165 -0.13603 0.07137 0.26325 0.19598 0.94191
32.15000 5.29632 2.81938 -0.13153 0.06666 0.26324 0.20194 0.94100
32.20000 5.26535 2.87679 -0.12493 0.06221 0.26220 0.20808 0.94026
32.25000 5.23376 2.93385 -0.11643 0.05801 0.26024 0.21439 0.93965
32.30000 5.20156 2.99057 -0.10624 0.05404 0.25746 0.22084 0.93916
32.35000 5.16874 3.04693 -0.09456 0.05028 0.25398 0.22739 0.93875
32.40000 5.13531 3.10294 -0.08161 0.04671 0.24991 0.23403 0.93840
32.45000 5.10127 3.15857 -0.06758 0.04330 0.24536 0.24072 0.93807
32.50000 5.06664 3.21384 -0.05269 0.04003 0.24043 0.24743 0.93775
32.55000 5.03140 3.26873 -0.03713 0.03688 0.23524 0.25415 0.93740
32.60000 4.99557 3.32323 -0.02111 0.03381 0.22989 0.26086 0.93700
32.65000 4.95916 3.37734 -0.00485 0.03080 0.22450 0.26752 0.93653
32.70000 4.92215 3.43105 0.01146 0.02781 0.21918 0.27412 0.93597
32.75000 4.88457 3.48436 0.02761 0.02481 0.21403 0.28065 0.93531
32.80000 4.84641 3.53725 0.04340 0.02176 0.20917 0.28709 0.93453
32.85000 4.80768 3.58973 0.05861 0.01861 0.20471 0.29342 0.93362
32.90000 4.76838 3.64178 0.07305 0.01534 0.20075 0.29964 0.93257
32.95000 4.72851 3.69340 0.08650 0.01190 0.19741 0.30573 0.93135
33.00000 4.68808 3.74458 0.09876 0.00824 0.19480 0.31169 0.92997
33.05000 4.64710 3.79532 0.10967 0.00432 0.19298 0.31750 0.92840
33.10000 4.60557 3.84561 0.11921 0.00019 0.19190 0.32319 0.92667
33.15000 4.56349 3.89544 0.12740 -0.00410 0.19145 0.32876 0.92479
33.20000 4.52087 3.94481 0.13427 -0.00850 0.19154 0.33424 0.92278
33.25000 4.47772 3.99372 0.13985 -0.01295 0.19207 0.33962 0.92065
33.30000 4.43404 4.04216 0.14416 -0.01740 0.19295 0.34491 0.91842
33.35000 4.38983 4.09011 0.14722 -0.02178 0.19407 0.35014 0.91611
33.40000 4.34511 4.13759 0.14906 -0.02604 0.19536 0.35530 0.91374
33.45000 4.29987 4.18458 0.14971 -0.03010 0.19672 0.36041 0.91132
33.50000 4.25413 4.23107 0.14919 -0.03391 0.19806 0.36546 0.90888
33.55000 4.20789 4.27707 0.14752 -0.03740 0.19928 0.37046 0.90645
33.60000 4.16114 4.32256 0.14473 -0.04050 0.20031 0.37543 0.90404
33.65000 4.11391 4.36754 0.14084 -0.04314 0.20106 0.38037 0.90168
33.70000 4.06620 4.41200 0.13588 -0.04524 0.20145 0.38529 0.89940
33.75000 4.01800 4.45595 0.12988 -0.04674 0.20138 0.39019 0.89722
33.80000 3.96933 4.49936 0.12285 -0.04755 0.20080 0.39509 0.89517
33.85000 3.92019 4.54225 0.11483 -0.04761 0.19960 0.40000 0.89325
33.90000 3.87058 4.58460 0.10583 -0.04681 0.19772 0.40492 0.89149
33.95000 3.82052 4.62640 0.09589 -0.04510 0.19508 0.40988 0.88989
34.00000 3.77001 4.66766 0.08503 -0.04236 0.19160 0.41488 0.88846
34.05000 3.71904 4.70836 0.07329 -0.03856 0.18724 0.41995 0.88718
34.10000 3.66764 4.74851 0.06081 -0.03376 0.18210 0.42508 0.88601
34.15000 3.61580 4.78809 0.04776 -0.02806 0.17629 0.43028 0.88487
34.20000 3.56354 4.82711 0.03428 -0.02157 0.16994 0.43553 0.88372
34.25000 3.51085 4.86556 0.02054 -0.01440 0.16316 0.44085 0.88251
34.30000 3.45775 4.90343 0.00671 -0.00666 0.15607 0.44621 0.88119
34.35000 3.40424 4.94073 -0.00708 0.00153 0.14878 0.45162 0.87972
34.40000 3.35033 4.97744 -0.02064 0.01004 0.14142 0.45706 0.87806
34.45000 3.29603 5.01356 -0.03383 0.01876 0.13408 0.46253 0.87621
34.50000 3.24133 5.04909 -0.04649 0.02755 0.12688 0.46801 0.87414
34.55000 3.18625 5.08403 -0.05845 0.03629 0.11992 0.47348 0.87185
34.60000 3.13080 5.11837 -0.06957 0.04484 0.11331 0.47893 0.86935
34.65000 3.07498 5.15210 -0.07967 0.05307 0.10715 0.48435 0.86667
34.70000 3.01879 5.18523 -0.08860 0.06085 0.10153 0.48971 0.86381
34.75000 2.96225 5.21774 -0.09620 0.06804 0.09655 0.49501 0.86082
34.80000 2.90536 5.24964 -0.10231 0.07450 0.09231 0.50022 0.85774
34.85000 2.84813 5.28091 -0.10678 0.08010 0.08888 0.50533 0.85459
34.90000 2.79056 5.31157 -0.10944 0.08469 0.08636 0.51032 0.85144
34.95000 2.73266 5.34159 -0.11014 0.08813 0.08483 0.51517 0.84831
35.00000 2.67443 5.37098 -0.10871 0.09028 0.08437 0.51988 0.84525
35.05000 2.61589 5.39973 -0.10506 0.09104 0.08502 0.52443 0.84229
35.10000 2.55704 5.42785 -0.09932 0.09045 0.08670 0.52883 0.83943
35.15000 2.49788 5.45532 -0.09169 0.08862 0.08929 0.53309 0.83665
35.20000 2.43843 5.48214 -0.08238 0.08564 0.09267 0.53722 0.83395
35.25000 2.37869 5.50832 -0.07157 0.08162 0.09675 0.54124 0.83129
35.30000 2.31867 5.53385 -0.05946 0.07664 0.10141 0.54515 0.82865
35.35000 2.25838 5.55872 -0.04626 0.07083 0.10653 0.54896 0.82600
35.40000 2.19782 5.58294 -0.03215 0.06427 0.11203 0.55270 0.82331
35.45000 2.13700 5.60650 -0.01735 0.05709 0.11780 0.55637 0.82056
35.50000 2.07593 5.62940 -0.00203 0.04939 0.12373 0.55998 0.81773
35.55000 2.01461 5.65163 0.01359 0.04129 0.12974 0.56354 0.81479
35.60000 1.95305 5.67320 0.02932 0.03291 0.13573 0.56707 0.81174
35.65000 1.89127 5.69410 0.04497 0.02435 0.14161 0.57058 0.80857
35.70000 1.82926 5.71432 0.06033 0.01576 0.14728 0.57408 0.80529
35.75000 1.76704 5.73388 0.07521 0.00724 0.15268 0.57759 0.80189
35.80000 1.70461 5.75275 0.08941 -0.00107 0.15770 0.58112 0.79839
35.85000 1.64197 5.77095 0.10273 -0.00906 0.16229 0.58469 0.79481
35.90000 1.57915 5.78846 0.11499 -0.01659 0.16635 0.58830 0.79117
35.95000 1.51613 5.80528 0.12596 -0.02353 0.16982 0.59199 0.78750
36.00000 1.45294 5.82142 0.13547 -0.02975 0.17263 0.59576 0.78383
36.05000 1.38957 5.83687 0.14336 -0.03516 0.17473 0.59963 0.78018
36.10000 1.32604 5.85163 0.14964 -0.03974 0.17618 0.60360 0.77657
36.15000 1.26235 5.86569 0.15437 -0.04352 0.17705 0.60764 0.77300
36.20000 1.19851 5.87906 0.15761 -0.04653 0.17741 0.61175 0.76949
36.25000 1.13454 5.89174 0.15941 -0.04880 0.17735 0.61592 0.76603
36.30000 1.07042 5.90372 0.15985 -0.05034 0.17693 0.62013 0.76263
36.35000 1.00618 5.91500 0.15897 -0.05121 0.17622 0.62437 0.75927
36.40000 0.94182 5.92559 0.15684 -0.05142 0.17529 0.62863 0.75595
36.45000 0.87735 5.93547 0.15351 -0.05100 0.17423 0.63289 0.75266
36.50000 0.81278 5.94466 0.14905 -0.05000 0.17308 0.63714 0.74940
36.55000 0.74811 5.95314 0.14351 -0.04845 0.17193 0.64136 0.74615
36.60000 0.68335 5.96093 0.13694 -0.04637 0.17084 0.64555 0.74291
36.65000 0.61852 5.96801 0.12942 -0.04382 0.16988 0.64970 0.73967
36.70000 0.55361 5.97438 0.12100 -0.04083 0.16912 0.65378 0.73641
36.75000 0.48863 5.98005 0.11173 -0.03744 0.16862 0.65778 0.73313
36.80000 0.42360 5.98501 0.10168 -0.03370 0.16844 0.66170 0.72982
36.85000 0.35851 5.98927 0.09091 -0.02964 0.16866 0.66552 0.72647
36.90000 0.29339 5.99282 0.07946 -0.02531 0.16933 0.66922 0.72308
36.95000 0.22823 5.99566 0.06742 -0.02076 0.17051 0.67278 0.71963
37.00000 0.16304 5.99778 0.05482 -0.01603 0.17227 0.67619 0.71612
37.05000 0.09783 5.99920 0.04175 -0.01119 0.17464 0.67944 0.71256
37.10000 0.03261 5.99991 0.02832 -0.00631 0.17757 0.68253 0.70893
37.15000 -0.03261 5.99990 0.01468 -0.00148 0.18098 0.68547 0.70525
37.20000 -0.09783 5.99919 0.00096 0.00322 0.18479 0.68828 0.70150
37.25000 -0.16304 5.99776 -0.01270 0.00770 0.18893 0.69098 0.69771
37.30000 -0.22822 5.99563 -0.02616 0.01188 0.19330 0.69357 0.69387
37.35000 -0.29338 5.99279 -0.03928 0.01569 0.19784 0.69608 0.68999
37.40000 -0.35851 5.98925 -0.05193 0.01904 0.20244 0.69852 0.68609
37.45000 -0.42360 5.98499 -0.06398 0.02187 0.20704 0.70093 0.68217
37.50000 -0.48863 5.98003 -0.07527 0.02409 0.21153 0.70331 0.67825
37.55000 -0.55361 5.97437 -0.08568 0.02564 0.21584 0.70571 0.67434
37.60000 -0.61852 5.96800 -0.09507 0.02645 0.21987 0.70814 0.67044
37.65000 -0.68336 5.96093 -0.10330 0.02645 0.22354 0.71064 0.66657
37.70000 -0.74812 5.95315 -0.11024 0.02557 0.22675 0.71324 0.66273
37.75000 -0.81279 5.94467 -0.11574 0.02374 0.22941 0.71597 0.65893
37.80000 -0.87736 5.93549 -0.11966 0.02092 0.23144 0.71887 0.65516
37.85000 -0.94183 5.92561 -0.12188 0.01702 0.23273 0.72195 0.65141
37.90000 -1.00619 5.91503 -0.12225 0.01200 0.23319 0.72526 0.64767
37.95000 -1.07043 5.90374 -0.12064 0.00580 0.23272 0.72882 0.64392
38.00000 -1.13454 5.89176 -0.11691 -0.00164 0.23122 0.73265 0.64013
38.05000 -1.19851 5.87908 -0.11098 -0.01033 0.22862 0.73676 0.63625
38.10000 -1.26235 5.86570 -0.10299 -0.02013 0.22499 0.74111 0.63224
38.15000 -1.32604 5.85163 -0.09317 -0.03086 0.22045 0.74564 0.62806
38.20000 -1.38957 5.83686 -0.08173 -0.04234 0.21511 0.75031 0.62368
38.25000 -1.45293 5.82140 -0.06887 -0.05438 0.20908 0.75505 0.61905
38.30000 -1.51612 5.80526 -0.05480 -0.06682 0.20251 0.75982 0.61416
38.35000 -1.57914 5.78843 -0.03974 -0.07947 0.19550 0.76457 0.60901
38.40000 -1.64197 5.77092 -0.02390 -0.09216 0.18820 0.76926 0.60360
38.45000 -1.70460 5.75273 -0.00749 -0.10474 0.18074 0.77384 0.59794
38.50000 -1.76704 5.73386 0.00929 -0.11702 0.17326 0.77829 0.59207
38.55000 -1.82926 5.71431 0.02621 -0.12886 0.16592 0.78258 0.58603
38.60000 -1.89127 5.69409 0.04308 -0.14011 0.15886 0.78669 0.57987
38.65000 -1.95306 5.67320 0.05968 -0.15061 0.15224 0.79061 0.57365
38.70000 -2.01461 5.65164 0.07579 -0.16022 0.14621 0.79432 0.56745
38.75000 -2.07593 5.62941 0.09121 -0.16882 0.14093 0.79782 0.56135
38.80000 -2.13701 5.60652 0.10573 -0.17626 0.13657 0.80111 0.55543
38.85000 -2.19783 5.58296 0.11913 -0.18242 0.13329 0.80418 0.54977
38.90000 -2.25839 5.55874 0.13121 -0.18718 0.13125 0.80704 0.54445
38.95000 -2.31868 5.53387 0.14175 -0.19042 0.13064 0.80966 0.53956
39.00000 -2.37870 5.50834 0.15054 -0.19201 0.13162 0.81205 0.53515
39.05000 -2.43843 5.48216 0.15743 -0.19189 0.13430 0.81418 0.53127
39.10000 -2.49788 5.45532 0.16245 -0.19018 0.13856 0.81608 0.52787
39.15000 -2.55703 5.42784 0.16569 -0.18702 0.14422 0.81774 0.52490
39.20000 -2.61588 5.39972 0.16723 -0.18256 0.15108 0.81919 0.52227
39.25000 -2.67442 5.37096 0.16718 -0.17695 0.15896 0.82044 0.51990
39.30000 -2.73264 5.34157 0.16560 -0.17033 0.16766 0.82150 0.51771
39.35000 -2.79054 5.31154 0.16260 -0.16284 0.17698 0.82238 0.51561
39.40000 -2.84812 5.28089 0.15826 -0.15461 0.18673 0.82312 0.51352
39.45000 -2.90535 5.24962 0.15268 -0.14578 0.19671 0.82375 0.51136
39.50000 -2.96225 5.21773 0.14593 -0.13649 0.20672 0.82431 0.50907
39.55000 -3.01879 5.18522 0.13811 -0.12686 0.21657 0.82485 0.50659
39.60000 -3.07498 5.15210 0.12930 -0.11703 0.22604 0.82543 0.50385
39.65000 -3.13081 5.11837 0.11960 -0.10713 0.23495 0.82613 0.50083
39.70000 -3.18626 5.08404 0.10909 -0.09729 0.24308 0.82701 0.49750
39.75000 -3.24134 5.04911 0.09786 -0.08762 0.25023 0.82816 0.49382
39.80000 -3.29604 5.01358 0.08600 -0.07825 0.25620 0.82966 0.48980
39.85000 -3.35035 4.97746 0.07360 -0.06928 0.26077 0.83160 0.48543
39.90000 -3.40426 4.94075 0.06074 -0.06083 0.26373 0.83406 0.48072
39.95000 -3.45776 4.90345 0.04752 -0.05298 0.26487 0.83711 0.47569
40.00000 -3.51086 4.86558 0.03403 -0.04584 0.26394 0.84082 0.47037
40.05000 -3.56354 4.82713 0.02035 -0.03947 0.26080 0.84522 0.46479
40.10000 -3.61580 4.78810 0.00660 -0.03384 0.25554 0.85022 0.45900
40.15000 -3.66764 4.74851 -0.00709 -0.02893 0.24836 0.85569 0.45307
40.20000 -3.71903 4.70836 -0.02061 -0.02469 0.23942 0.86152 0.44704
40.25000 -3.76999 4.66765 -0.03384 -0.02111 0.22893 0.86758 0.44097
40.30000 -3.82050 4.62639 -0.04665 -0.01816 0.21706 0.87374 0.43489
40.35000 -3.87057 4.58458 -0.05893 -0.01584 0.20401 0.87990 0.42884
40.40000 -3.92017 4.54223 -0.07055 -0.01413 0.18997 0.88595 0.42285
40.45000 -3.96932 4.49935 -0.08139 -0.01303 0.17516 0.89181 0.41693
40.50000 -4.01799 4.45593 -0.09134 -0.01256 0.15978 0.89739 0.41109
40.55000 -4.06619 4.41199 -0.10027 -0.01272 0.14404 0.90265 0.40535
40.60000 -4.11391 4.36753 -0.10807 -0.01354 0.12816 0.90754 0.39971
40.65000 -4.16115 4.32256 -0.11460 -0.01504 0.11236 0.91203 0.39415
40.70000 -4.20789 4.27707 -0.11976 -0.01725 0.09685 0.91612 0.38865
40.75000 -4.25414 4.23108 -0.12342 -0.02020 0.08187 0.91980 0.38321
40.80000 -4.29989 4.18459 -0.12546 -0.02394 0.06763 0.92310 0.37780
40.85000 -4.34513 4.13760 -0.12575 -0.02852 0.05434 0.92605 0.37239
40.90000 -4.38985 4.09013 -0.12419 -0.03396 0.04223 0.92866 0.36694
40.95000 -4.43405 4.04217 -0.12064 -0.04034 0.03150 0.93099 0.36145
41.00000 -4.47773 3.99374 -0.11499 -0.04770 0.02238 0.93305 0.35587
41.05000 -4.52088 3.94482 -0.10718 -0.05608 0.01501 0.93488 0.35019
41.10000 -4.56349 3.89545 -0.09738 -0.06538 0.00934 0.93650 0.34439
41.15000 -4.60556 3.84561 -0.08582 -0.07547 0.00523 0.93793 0.33848
41.20000 -4.64709 3.79531 -0.07272 -0.08621 0.00258 0.93916 0.33246
41.25000 -4.68807 3.74457 -0.05833 -0.09749 0.00126 0.94021 0.32635
41.30000 -4.72849 3.69338 -0.04287 -0.10916 0.00118 0.94105 0.32017
41.35000 -4.76836 3.64176 -0.02658 -0.12109 0.00220 0.94168 0.31396
41.40000 -4.80766 3.58971 -0.00968 -0.13314 0.00423 0.94209 0.30776
41.45000 -4.84639 3.53724 0.00759 -0.14517 0.00717 0.94229 0.30161
41.50000 -4.88456 3.48434 0.02501 -0.15704 0.01090 0.94227 0.29554
41.55000 -4.92215 3.43104 0.04234 -0.16861 0.01532 0.94205 0.28961
41.60000 -4.95916 3.37733 0.05935 -0.17974 0.02034 0.94165 0.28386
41.65000 -4.99558 3.32323 0.07580 -0.19027 0.02587 0.94110 0.27832
41.70000 -5.03141 3.26873 0.09148 -0.20007 0.03180 0.94043 0.27303
41.75000 -5.06665 3.21385 0.10615 -0.20899 0.03806 0.93971 0.26801
41.80000 -5.10129 3.15858 0.11957 -0.21687 0.04457 0.93897 0.26328
41.85000 -5.13533 3.10295 0.13151 -0.22358 0.05124 0.93829 0.25886
41.90000 -5.16876 3.04694 0.14175 -0.22896 0.05800 0.93772 0.25474
41.95000 -5.20158 2.99058 0.15006 -0.23285 0.06480 0.93735 0.25091
42.00000 -5.23378 2.93386 0.15619 -0.23510 0.07158 0.93724 0.24735
42.05000 -5.26536 2.87679 0.15999 -0.23560 0.07828 0.93745 0.24403
42.10000 -5.29632 2.81939 0.16154 -0.23444 0.08493 0.93798 0.24087
42.15000 -5.32665 2.76165 0.16098 -0.23176 0.09153 0.93880 0.23782
42.20000 -5.35635 2.70358 0.15847 -0.22768 0.09809 0.93989 0.23482
42.25000 -5.38542 2.64519 0.15414 -0.22235 0.10463 0.94121 0.23180
42.30000 -5.41385 2.58649 0.14815 -0.21591 0.11113 0.94272 0.22871
42.35000 -5.44164 2.52749 0.14064 -0.20848 0.11760 0.94438 0.22549
42.40000 -5.46879 2.46818 0.13177 -0.20022 0.12404 0.94615 0.22210
42.45000 -5.49530 2.40859 0.12167 -0.19124 0.13042 0.94798 0.21850
42.50000 -5.52115 2.34871 0.11050 -0.18171 0.13673 0.94985 0.21466
42.55000 -5.54636 2.28855 0.09840 -0.17175 0.14295 0.95170 0.21057
42.60000 -5.57091 2.22813 0.08551 -0.16150 0.14905 0.95351 0.20620
42.65000 -5.59481 2.16744 0.07200 -0.15112 0.15500 0.95525 0.20156
42.70000 -5.61804 2.10649 0.05799 -0.14074 0.16078 0.95691 0.19665
42.75000 -5.64061 2.04530 0.04365 -0.13050 0.16633 0.95845 0.19149
42.80000 -5.66252 1.98387 0.02911 -0.12054 0.17164 0.95988 0.18611
42.85000 -5.68375 1.92220 0.01453 -0.11100 0.17664 0.96119 0.18052
42.90000 -5.70432 1.86030 0.00005 -0.10202 0.18129 0.96238 0.17477
42.95000 -5.72420 1.79818 -0.01419 -0.09372 0.18556 0.96346 0.16891
43.00000 -5.74341 1.73586 -0.02803 -0.08626 0.18939 0.96443 0.16297
43.05000 -5.76194 1.67332 -0.04134 -0.07972 0.19274 0.96532 0.15701
43.10000 -5.77979 1.61059 -0.05404 -0.07407 0.19563 0.96614 0.15105
43.15000 -5.79695 1.54766 -0.06606 -0.06927 0.19808 0.96691 0.14511
43.20000 -5.81343 1.48456 -0.07735 -0.06526 0.20014 0.96763 0.13921
43.25000 -5.82921 1.42127 -0.08782 -0.06197 0.20183 0.96832 0.13337
43.30000 -5.84432 1.35782 -0.09743 -0.05937 0.20318 0.96898 0.12759
43.35000 -5.85873 1.29421 -0.10609 -0.05738 0.20423 0.96961 0.12187
43.40000 -5.87244 1.23045 -0.11375 -0.05596 0.20502 0.97022 0.11621
43.45000 -5.88547 1.16654 -0.12034 -0.05507 0.20558 0.97081 0.11063
43.50000 -5.89780 1.10249 -0.12579 -0.05464 0.20595 0.97137 0.10510
43.55000 -5.90944 1.03831 -0.13003 -0.05463 0.20616 0.97190 0.09965
43.60000 -5.92038 0.97401 -0.13301 -0.05499 0.20626 0.97240 0.09424
43.65000 -5.93062 0.90960 -0.13464 -0.05568 0.20628 0.97285 0.08890
43.70000 -5.94016 0.84508 -0.13488 -0.05664 0.20627 0.97327 0.08360
43.75000 -5.94900 0.78046 -0.13365 -0.05784 0.20626 0.97364 0.07835
43.80000 -5.95714 0.71574 -0.13088 -0.05923 0.20631 0.97395 0.07314
43.85000 -5.96458 0.65095 -0.12651 -0.06077 0.20645 0.97420 0.06796
43.90000 -5.97130 0.58607 -0.12047 -0.06240 0.20672 0.97439 0.06281
43.95000 -5.97732 0.52113 -0.11270 -0.06410 0.20718 0.97449 0.05770
44.00000 -5.98264 0.45612 -0.10313 -0.06582 0.20787 0.97452 0.05260
44.05000 -5.98724 0.39106 -0.09174 -0.06754 0.20882 0.97446 0.04753
44.10000 -5.99113 0.32596 -0.07872 -0.06927 0.21000 0.97432 0.04248
44.15000 -5.99432 0.26081 -0.06429 -0.07104 0.21138 0.97410 0.03746
44.20000 -5.99680 0.19564 -0.04868 -0.07288 0.21292 0.97381 0.03247
44.25000 -5.99856 0.13044 -0.03212 -0.07481 0.21456 0.97345 0.02752
44.30000 -5.99962 0.06522 -0.01485 -0.07688 0.21627 0.97304 0.02260
44.35000 -5.99997 0.00000 0.00291 -0.07909 0.21801 0.97258 0.01773
44.40000 -5.99961 -0.06522 0.02093 -0.08148 0.21973 0.97207 0.01290
44.45000 -5.99855 -0.13044 0.03897 -0.08407 0.22138 0.97152 0.00813
44.50000 -5.99677 -0.19563 0.05682 -0.08689 0.22293 0.97095 0.00340
44.55000 -5.99429 -0.26081 0.07424 0.08994 -0.22433 -0.97035 0.00126
44.60000 -5.99111 -0.32596 0.09099 0.09327 -0.22552 -0.96975 0.00587
44.65000 -5.98721 -0.39106 0.10686 0.09687 -0.22648 -0.96913 0.01042
44.70000 -5.98261 -0.45612 0.12160 0.10079 -0.22714 -0.96852 0.01491
44.75000 -5.97731 -0.52113 0.13500 0.10503 -0.22746 -0.96791 0.01933
44.80000 -5.97129 -0.58608 0.14682 0.10961 -0.22739 -0.96732 0.02369
44.85000 -5.96457 -0.65095 0.15683 0.11455 -0.22690 -0.96675 0.02799
44.90000 -5.95715 -0.71575 0.16480 0.11987 -0.22591 -0.96621 0.03223
44.95000 -5.94902 -0.78046 0.17050 0.12557 -0.22440 -0.96569 0.03642
45.00000 -5.94019 -0.84508 0.17371 0.13169 -0.22230 -0.96519 0.04057
45.05000 -5.93065 -0.90961 0.17426 0.13820 -0.21958 -0.96472 0.04468
45.10000 -5.92041 -0.97402 0.17229 0.14503 -0.21626 -0.96427 0.04879
45.15000 -5.90947 -1.03832 0.16800 0.15208 -0.21237 -0.96383 0.05291
45.20000 -5.89782 -1.10249 0.16160 0.15925 -0.20795 -0.96340 0.05709
45.25000 -5.88549 -1.16654 0.15331 0.16644 -0.20303 -0.96297 0.06135
45.30000 -5.87245 -1.23044 0.14331 0.17355 -0.19765 -0.96255 0.06571
45.35000 -5.85873 -1.29421 0.13182 0.18048 -0.19186 -0.96213 0.07020
45.40000 -5.84431 -1.35782 0.11905 0.18715 -0.18569 -0.96171 0.07484
45.45000 -5.82920 -1.42127 0.10520 0.19345 -0.17921 -0.96131 0.07965
45.50000 -5.81341 -1.48455 0.09047 0.19928 -0.17245 -0.96093 0.08465
45.55000 -5.79693 -1.54766 0.07508 0.20456 -0.16547 -0.96057 0.08985
45.60000 -5.77976 -1.61058 0.05923 0.20920 -0.15833 -0.96026 0.09527
45.65000 -5.76192 -1.67331 0.04312 0.21308 -0.15106 -0.96000 0.10091
45.70000 -5.74339 -1.73585 0.02696 0.21614 -0.14374 -0.95980 0.10678
45.75000 -5.72419 -1.79818 0.01096 0.21827 -0.13642 -0.95969 0.11287
45.80000 -5.70431 -1.86030 -0.00468 0.21938 -0.12915 -0.95968 0.11921
45.85000 -5.68375 -1.92220 -0.01975 0.21938 -0.12200 -0.95978 0.12577
45.90000 -5.66253 -1.98387 -0.03405 0.21818 -0.11503 -0.96000 0.13255
45.95000 -5.64063 -2.04531 -0.04736 0.21569 -0.10829 -0.96035 0.13955
46.00000 -5.61806 -2.10650 -0.05949 0.21183 -0.10185 -0.96084 0.14675
46.05000 -5.59483 -2.16745 -0.07026 0.20653 -0.09577 -0.96147 0.15413
46.10000 -5.57094 -2.22814 -0.07967 0.19989 -0.09009 -0.96218 0.16165
46.15000 -5.54638 -2.28856 -0.08774 0.19208 -0.08482 -0.96295 0.16925
46.20000 -5.52117 -2.34871 -0.09449 0.18321 -0.08000 -0.96372 0.17687
46.25000 -5.49531 -2.40859 -0.09995 0.17346 -0.07565 -0.96445 0.18448
46.30000 -5.46880 -2.46818 -0.10414 0.16295 -0.07179 -0.96510 0.19204
46.35000 -5.44164 -2.52748 -0.10710 0.15184 -0.06844 -0.96564 0.19950
46.40000 -5.41384 -2.58648 -0.10884 0.14029 -0.06562 -0.96604 0.20685
46.45000 -5.38541 -2.64518 -0.10940 0.12846 -0.06335 -0.96626 0.21406
46.50000 -5.35633 -2.70357 -0.10879 0.11649 -0.06163 -0.96630 0.22112
46.55000 -5.32663 -2.76163 -0.10705 0.10456 -0.06048 -0.96614 0.22800
46.60000 -5.29629 -2.81937 -0.10419 0.09281 -0.05991 -0.96576 0.23473
46.65000 -5.26534 -2.87678 -0.10025 0.08142 -0.05992 -0.96518 0.24128
46.70000 -5.23376 -2.93385 -0.09525 0.07054 -0.06051 -0.96438 0.24766
46.75000 -5.20156 -2.99057 -0.08921 0.06033 -0.06168 -0.96338 0.25389
46.80000 -5.16875 -3.04694 -0.08217 0.05096 -0.06343 -0.96218 0.25997
46.85000 -5.13533 -3.10295 -0.07414 0.04259 -0.06574 -0.96081 0.26592
46.90000 -5.10130 -3.15859 -0.06515 0.03537 -0.06860 -0.95927 0.27173
46.95000 -5.06666 -3.21386 -0.05523 0.02947 -0.07199 -0.95759 0.27743
47.00000 -5.03143 -3.26875 -0.04441 0.02505 -0.07589 -0.95578 0.28300
47.05000 -4.99560 -3.32324 -0.03273 0.02221 -0.08028 -0.95386 0.28846
47.10000 -4.95918 -3.37735 -0.02032 0.02093 -0.08507 -0.95184 0.29380
47.15000 -4.92217 -3.43106 -0.00733 0.02109 -0.09018 -0.94974 0.29902
47.20000 -4.88458 -3.48435 0.00606 0.02261 -0.09551 -0.94756 0.30412
47.25000 -4.84641 -3.53724 0.01973 0.02539 -0.10100 -0.94532 0.30908
47.30000 -4.80767 -3.58971 0.03350 0.02933 -0.10655 -0.94301 0.31389
47.35000 -4.76836 -3.64176 0.04722 0.03434 -0.11210 -0.94063 0.31854
47.40000 -4.72849 -3.69338 0.06074 0.04031 -0.11755 -0.93820 0.32301
47.45000 -4.68806 -3.74456 0.07390 0.04714 -0.12284 -0.93572 0.32729
47.50000 -4.64707 -3.79530 0.08656 0.05472 -0.12790 -0.93319 0.33137
47.55000 -4.60554 -3.84559 0.09854 0.06295 -0.13266 -0.93062 0.33525
47.60000 -4.56347 -3.89543 0.10971 0.07172 -0.13704 -0.92801 0.33893
47.65000 -4.52086 -3.94481 0.11990 0.08092 -0.14098 -0.92538 0.34241
47.70000 -4.47771 -3.99372 0.12897 0.09044 -0.14442 -0.92274 0.34571
47.75000 -4.43404 -4.04216 0.13675 0.10017 -0.14730 -0.92010 0.34884
47.80000 -4.38984 -4.09013 0.14309 0.11001 -0.14956 -0.91746 0.35184
47.85000 -4.34512 -4.13761 0.14784 0.11984 -0.15115 -0.91486 0.35472
47.90000 -4.29989 -4.18460 0.15084 0.12955 -0.15200 -0.91230 0.35753
47.95000 -4.25415 -4.23109 0.15193 0.13905 -0.15209 -0.90979 0.36030
48.00000 -4.20791 -4.27709 0.15097 0.14822 -0.15135 -0.90735 0.36309
48.05000 -4.16117 -4.32258 0.14786 0.15697 -0.14975 -0.90500 0.36595
48.10000 -4.11393 -4.36755 0.14272 0.16528 -0.14733 -0.90272 0.36889
48.15000 -4.06621 -4.41201 0.13575 0.17318 -0.14411 -0.90050 0.37193
48.20000 -4.01801 -4.45595 0.12713 0.18067 -0.14014 -0.89835 0.37509
48.25000 -3.96933 -4.49936 0.11705 0.18775 -0.13544 -0.89624 0.37836
48.30000 -3.92018 -4.54223 0.10571 0.19443 -0.13007 -0.89416 0.38178
48.35000 -3.87057 -4.58458 0.09329 0.20072 -0.12404 -0.89210 0.38533
48.40000 -3.82050 -4.62638 0.07997 0.20664 -0.11740 -0.89005 0.38902
48.45000 -3.76998 -4.66763 0.06596 0.21218 -0.11019 -0.88798 0.39286
48.50000 -3.71902 -4.70834 0.05143 0.21737 -0.10243 -0.88588 0.39684
48.55000 -3.66762 -4.74849 0.03658 0.22220 -0.09417 -0.88373 0.40097
48.60000 -3.61579 -4.78808 0.02160 0.22669 -0.08543 -0.88153 0.40524
48.65000 -3.56353 -4.82710 0.00667 0.23085 -0.07626 -0.87925 0.40965
48.70000 -3.51085 -4.86556 -0.00802 0.23469 -0.06668 -0.87688 0.41419
48.75000 -3.45775 -4.90344 -0.02228 0.23821 -0.05673 -0.87441 0.41887
48.80000 -3.40425 -4.94074 -0.03591 0.24144 -0.04644 -0.87181 0.42366
48.85000 -3.35034 -4.97746 -0.04874 0.24438 -0.03586 -0.86909 0.42857
48.90000 -3.29604 -5.01359 -0.06057 0.24705 -0.02500 -0.86623 0.43358
48.95000 -3.24135 -5.04912 -0.07121 0.24945 -0.01392 -0.86321 0.43869
49.00000 -3.18627 -5.08406 -0.08048 0.25161 -0.00263 -0.86003 0.44388
49.05000 -3.13082 -5.11839 -0.08822 0.25352 0.00881 -0.85669 0.44915
49.10000 -3.07499 -5.15212 -0.09444 0.25517 0.02030 -0.85318 0.45448
49.15000 -3.01881 -5.18524 -0.09919 0.25653 0.03172 -0.84953 0.45987
49.20000 -2.96226 -5.21774 -0.10252 0.25757 0.04295 -0.84575 0.46531
49.25000 -2.90536 -5.24963 -0.10447 0.25827 0.05386 -0.84187 0.47079
49.30000 -2.84812 -5.28090 -0.10508 0.25862 0.06435 -0.83793 0.47629
49.35000 -2.79055 -5.31154 -0.10441 0.25859 0.07429 -0.83396 0.48180
49.40000 -2.73264 -5.34156 -0.10250 0.25818 0.08357 -0.83000 0.48731
49.45000 -2.67442 -5.37095 -0.09940 0.25737 0.09208 -0.82609 0.49280
49.50000 -2.61587 -5.39970 -0.09514 0.25615 0.09969 -0.82230 0.49826
49.55000 -2.55702 -5.42782 -0.08979 0.25453 0.10630 -0.81867 0.50369
49.60000 -2.49787 -5.45530 -0.08338 0.25250 0.11178 -0.81523 0.50906
49.65000 -2.43842 -5.48213 -0.07597 0.25005 0.11603 -0.81205 0.51438
49.70000 -2.37868 -5.50832 -0.06759 0.24719 0.11892 -0.80916 0.51963
49.75000 -2.31867 -5.53385 -0.05830 0.24392 0.12034 -0.80659 0.52482
49.80000 -2.25838 -5.55874 -0.04814 0.24025 0.12017 -0.80437 0.52993
49.85000 -2.19782 -5.58296 -0.03716 0.23619 0.11828 -0.80251 0.53498
49.90000 -2.13701 -5.60653 -0.02540 0.23175 0.11454 -0.80101 0.53996
49.95000 -2.07594 -5.62943 -0.01291 0.22693 0.10884 -0.79985 0.54488
50.00000 -2.01462 -5.65166 0.00026 0.22176 0.10102 -0.79899 0.54975
50.05000 -1.95307 -5.67323 0.01405 0.21627 0.09102 -0.79835 0.55460
50.10000 -1.89128 -5.69412 0.02833 0.21053 0.07904 -0.79779 0.55943
50.15000 -1.82927 -5.71434 0.04293 0.20463 0.06534 -0.79715 0.56428
50.20000 -1.76704 -5.73388 0.05770 0.19866 0.05019 -0.79629 0.56915
50.25000 -1.70461 -5.75274 0.07249 0.19271 0.03387 -0.79509 0.57407
50.30000 -1.64197 -5.77093 0.08714 0.18684 0.01668 -0.79344 0.57902
50.35000 -1.57914 -5.78843 0.10150 0.18112 -0.00108 -0.79128 0.58401
50.40000 -1.51613 -5.80525 0.11542 0.17563 -0.01912 -0.78856 0.58904
50.45000 -1.45293 -5.82139 0.12873 0.17041 -0.03713 -0.78526 0.59409
50.50000 -1.38956 -5.83684 0.14128 0.16552 -0.05480 -0.78142 0.59915
50.55000 -1.32603 -5.85160 0.15292 0.16100 -0.07183 -0.77708 0.60420
50.60000 -1.26234 -5.86567 0.16350 0.15689 -0.08791 -0.77234 0.60923
50.65000 -1.19851 -5.87905 0.17285 0.15322 -0.10275 -0.76728 0.61420
50.70000 -1.13453 -5.89174 0.18083 0.15001 -0.11606 -0.76206 0.61911
50.75000 -1.07042 -5.90372 0.18727 0.14727 -0.12755 -0.75680 0.62393
50.80000 -1.00618 -5.91502 0.19203 0.14503 -0.13694 -0.75167 0.62865
50.85000 -0.94182 -5.92561 0.19495 0.14328 -0.14394 -0.74681 0.63327
50.90000 -0.87736 -5.93550 0.19587 0.14201 -0.14829 -0.74236 0.63776
50.95000 -0.81278 -5.94469 0.19464 0.14122 -0.14970 -0.73845 0.64213
51.00000 -0.74812 -5.95318 0.19110 0.14090 -0.14788 -0.73516 0.64638
51.05000 -0.68336 -5.96096 0.18517 0.14102 -0.14264 -0.73252 0.65052
51.10000 -0.61852 -5.96803 0.17700 0.14149 -0.13421 -0.73042 0.65457
51.15000 -0.55361 -5.97440 0.16682 0.14226 -0.12291 -0.72868 0.65854
51.20000 -0.48863 -5.98006 0.15485 0.14324 -0.10907 -0.72715 0.66245
51.25000 -0.42360 -5.98501 0.14132 0.14438 -0.09303 -0.72561 0.66632
51.30000 -0.35852 -5.98925 0.12646 0.14562 -0.07512 -0.72391 0.67015
51.35000 -0.29339 -5.99279 0.11048 0.14690 -0.05569 -0.72188 0.67394
51.40000 -0.22823 -5.99563 0.09362 0.14821 -0.03510 -0.71939 0.67770
51.45000 -0.16304 -5.99775 0.07610 0.14949 -0.01371 -0.71634 0.68142
51.50000 -0.09783 -5.99917 0.05814 0.15072 0.00810 -0.71265 0.68509
51.55000 -0.03261 -5.99988 0.03996 0.15189 0.02995 -0.70833 0.68870
51.60000 0.03261 -5.99988 0.02180 0.15299 0.05149 -0.70338 0.69224
51.65000 0.09783 -5.99917 0.00388 0.15402 0.07232 -0.69788 0.69571
51.70000 0.16304 -5.99776 -0.01358 0.15498 0.09210 -0.69192 0.69910
51.75000 0.22823 -5.99564 -0.03035 0.15589 0.11046 -0.68565 0.70241
51.80000 0.29339 -5.99281 -0.04621 0.15678 0.12705 -0.67924 0.70563
51.85000 0.35852 -5.98927 -0.06093 0.15766 0.14154 -0.67287 0.70877
51.90000 0.42360 -5.98502 -0.07429 0.15859 0.15359 -0.66674 0.71184
51.95000 0.48863 -5.98007 -0.08606 0.15960 0.16288 -0.66105 0.71485
52.00000 0.55361 -5.97441 -0.09602 0.16074 0.16908 -0.65597 0.71783
52.05000 0.61852 -5.96803 -0.10400 0.16207 0.17198 -0.65164 0.72078
52.10000 0.68336 -5.96095 -0.11003 0.16360 0.17174 -0.64804 0.72373
52.15000 0.74811 -5.95317 -0.11421 0.16534 0.16865 -0.64510 0.72668
52.20000 0.81278 -5.94468 -0.11663 0.16729 0.16296 -0.64269 0.72966
52.25000 0.87735 -5.93549 -0.11738 0.16943 0.15495 -0.64069 0.73267
52.30000 0.94182 -5.92559 -0.11656 0.17176 0.14487 -0.63895 0.73570
52.35000 1.00618 -5.91500 -0.11426 0.17427 0.13298 -0.63731 0.73877
52.40000 1.07042 -5.90371 -0.11057 0.17692 0.11955 -0.63564 0.74187
52.45000 1.13453 -5.89173 -0.10558 0.17970 0.10485 -0.63381 0.74499
52.50000 1.19851 -5.87904 -0.09939 0.18255 0.08916 -0.63169 0.74813
52.55000 1.26235 -5.86567 -0.09209 0.18545 0.07275 -0.62919 0.75129
52.60000 1.32603 -5.85160 -0.08376 0.18834 0.05591 -0.62625 0.75446
52.65000 1.38957 -5.83684 -0.07452 0.19117 0.03893 -0.62283 0.75764
52.70000 1.45293 -5.82140 -0.06444 0.19388 0.02210 -0.61891 0.76084
52.75000 1.51613 -5.80527 -0.05361 0.19639 0.00569 -0.61452 0.76404
52.80000 1.57915 -5.78845 -0.04214 0.19863 -0.01000 -0.60970 0.76728
52.85000 1.64198 -5.77094 -0.03012 0.20052 -0.02471 -0.60452 0.77054
52.90000 1.70461 -5.75276 -0.01763 0.20199 -0.03815 -0.59908 0.77386
52.95000 1.76705 -5.73389 -0.00477 0.20292 -0.05006 -0.59347 0.77724
53.00000 1.82927 -5.71435 0.00837 0.20324 -0.06018 -0.58783 0.78072
53.05000 1.89128 -5.69412 0.02169 0.20286 -0.06833 -0.58227 0.78431
53.10000 1.95306 -5.67323 0.03507 0.20183 -0.07457 -0.57686 0.78799
53.15000 2.01462 -5.65166 0.04840 0.20022 -0.07904 -0.57164 0.79176
53.20000 2.07593 -5.62942 0.06155 0.19812 -0.08186 -0.56663 0.79560
53.25000 2.13700 -5.60651 0.07440 0.19560 -0.08316 -0.56185 0.79947
53.30000 2.19782 -5.58295 0.08684 0.19275 -0.08306 -0.55728 0.80336
53.35000 2.25837 -5.55872 0.09873 0.18965 -0.08166 -0.55290 0.80725
53.40000 2.31866 -5.53384 0.10997 0.18640 -0.07910 -0.54871 0.81112
53.45000 2.37868 -5.50831 0.12042 0.18308 -0.07547 -0.54466 0.81494
53.50000 2.43842 -5.48212 0.12997 0.17978 -0.07088 -0.54074 0.81869
53.55000 2.49787 -5.45529 0.13850 0.17662 -0.06543 -0.53690 0.82235
53.60000 2.55702 -5.42782 0.14589 0.17368 -0.05924 -0.53312 0.82590
53.65000 2.61588 -5.39971 0.15201 0.17106 -0.05239 -0.52937 0.82931
53.70000 2.67442 -5.37096 0.15674 0.16887 -0.04499 -0.52563 0.83257
53.75000 2.73265 -5.34157 0.15997 0.16722 -0.03713 -0.52187 0.83565
53.80000 2.79056 -5.31156 0.16158 0.16621 -0.02891 -0.51808 0.83853
53.85000 2.84813 -5.28091 0.16143 0.16596 -0.02043 -0.51425 0.84118
53.90000 2.90537 -5.24964 0.15942 0.16657 -0.01177 -0.51038 0.84358
53.95000 2.96226 -5.21776 0.15542 0.16815 -0.00303 -0.50649 0.84569
54.00000 3.01881 -5.18525 0.14931 0.17083 0.00571 -0.50257 0.84747
54.05000 3.07499 -5.15213 0.14102 0.17466 0.01436 -0.49864 0.84891
54.10000 3.13082 -5.11839 0.13074 0.17956 0.02290 -0.49474 0.84998
54.15000 3.18627 -5.08405 0.11869 0.18539 0.03130 -0.49087 0.85071
54.20000 3.24134 -5.04911 0.10511 0.19202 0.03953 -0.48704 0.85109
54.25000 3.29603 -5.01358 0.09022 0.19931 0.04756 -0.48327 0.85116
54.30000 3.35033 -4.97745 0.07427 0.20713 0.05537 -0.47956 0.85091
54.35000 3.40424 -4.94073 0.05748 0.21535 0.06290 -0.47593 0.85039
54.40000 3.45774 -4.90343 0.04008 0.22384 0.07013 -0.47238 0.84961
54.45000 3.51084 -4.86555 0.02231 0.23248 0.07701 -0.46890 0.84862
54.50000 3.56352 -4.82710 0.00440 0.24115 0.08351 -0.46548 0.84747
54.55000 3.61579 -4.78808 -0.01342 0.24972 0.08958 -0.46213 0.84620
54.60000 3.66762 -4.74849 -0.03091 0.25809 0.09517 -0.45881 0.84488
54.65000 3.71903 -4.70834 -0.04785 0.26615 0.10024 -0.45552 0.84357
54.70000 3.76999 -4.66764 -0.06400 0.27379 0.10474 -0.45223 0.84235
54.75000 3.82051 -4.62639 -0.07912 0.28092 0.10861 -0.44891 0.84129
54.80000 3.87058 -4.58459 -0.09300 0.28742 0.11183 -0.44553 0.84047
54.85000 3.92019 -4.54225 -0.10539 0.29322 0.11431 -0.44205 0.83997
54.90000 3.96934 -4.49937 -0.11606 0.29821 0.11603 -0.43842 0.83988
54.95000 4.01801 -4.45596 -0.12478 0.30231 0.11691 -0.43462 0.84027
55.00000 4.06621 -4.41202 -0.13132 0.30542 0.11690 -0.43059 0.84121
55.05000 4.11393 -4.36756 -0.13550 0.30749 0.11597 -0.42630 0.84278
55.10000 4.16116 -4.32258 -0.13742 0.30855 0.11416 -0.42173 0.84493
55.15000 4.20790 -4.27708 -0.13721 0.30866 0.11154 -0.41687 0.84765
55.20000 4.25414 -4.23109 -0.13502 0.30788 0.10819 -0.41175 0.85087
55.25000 4.29988 -4.18459 -0.13100 0.30625 0.10416 -0.40635 0.85454
55.30000 4.34511 -4.13760 -0.12529 0.30383 0.09954 -0.40069 0.85862
55.35000 4.38983 -4.09012 -0.11803 0.30066 0.09440 -0.39479 0.86304
55.40000 4.43403 -4.04215 -0.10936 0.29678 0.08881 -0.38867 0.86774
55.45000 4.47771 -3.99371 -0.09945 0.29223 0.08283 -0.38234 0.87267
55.50000 4.52085 -3.94480 -0.08842 0.28705 0.07654 -0.37583 0.87778
55.55000 4.56347 -3.89543 -0.07642 0.28127 0.07003 -0.36917 0.88300
55.60000 4.60555 -3.84559 -0.06360 0.27495 0.06335 -0.36239 0.88829
55.65000 4.64708 -3.79530 -0.05011 0.26811 0.05660 -0.35551 0.89360
55.70000 4.68806 -3.74456 -0.03608 0.26079 0.04984 -0.34858 0.89889
55.75000 4.72850 -3.69338 -0.02167 0.25303 0.04317 -0.34162 0.90411
55.80000 4.76837 -3.64177 -0.00701 0.24487 0.03665 -0.33466 0.90923
55.85000 4.80768 -3.58972 0.00774 0.23634 0.03037 -0.32773 0.91423
55.90000 4.84642 -3.53725 0.02245 0.22750 0.02443 -0.32088 0.91907
55.95000 4.88459 -3.48436 0.03696 0.21836 0.01890 -0.31411 0.92374
56.00000 4.92218 -3.43106 0.05114 0.20898 0.01387 -0.30747 0.92822
56.05000 4.95918 -3.37735 0.06485 0.19939 0.00942 -0.30096 0.93251
56.10000 4.99560 -3.32324 0.07801 0.18965 0.00553 -0.29459 0.93660
56.15000 5.03142 -3.26874 0.09055 0.17984 0.00220 -0.28837 0.94048
56.20000 5.06665 -3.21385 0.10241 0.17002 -0.00061 -0.28228 0.94415
56.25000 5.10128 -3.15858 0.11350 0.16027 -0.00290 -0.27632 0.94760
56.30000 5.13531 -3.10294 0.12377 0.15066 -0.00470 -0.27048 0.95085
56.35000 5.16874 -3.04693 0.13315 0.14125 -0.00602 -0.26476 0.95389
56.40000 5.20155 -2.99057 0.14156 0.13212 -0.00688 -0.25914 0.95674
56.45000 5.23375 -2.93384 0.14894 0.12334 -0.00728 -0.25360 0.95939
56.50000 5.26533 -2.87678 0.15522 0.11499 -0.00723 -0.24815 0.96185
56.55000 5.29629 -2.81937 0.16033 0.10712 -0.00675 -0.24275 0.96413
56.60000 5.32663 -2.76163 0.16420 0.09982 -0.00585 -0.23742 0.96625
56.65000 5.35634 -2.70357 0.16676 0.09316 -0.00452 -0.23212 0.96820
56.70000 5.38542 -2.64519 0.16794 0.08720 -0.00277 -0.22687 0.97001
56.75000 5.41386 -2.58649 0.16768 0.08203 -0.00061 -0.22164 0.97167
56.80000 5.44166 -2.52749 0.16591 0.07770 0.00196 -0.21643 0.97320
56.85000 5.46881 -2.46819 0.16255 0.07430 0.00495 -0.21124 0.97459
56.90000 5.49533 -2.40860 0.15755 0.07189 0.00834 -0.20608 0.97586
56.95000 5.52119 -2.34872 0.15082 0.07054 0.01214 -0.20094 0.97698
57.00000 5.54639 -2.28857 0.14230 0.07033 0.01636 -0.19584 0.97797
57.05000 5.57094 -2.22814 0.13197 0.07128 0.02100 -0.19078 0.97882
57.10000 5.59483 -2.16745 0.12001 0.07332 0.02605 -0.18578 0.97950
57.15000 5.61805 -2.10650 0.10663 0.07631 0.03151 -0.18085 0.98004
57.20000 5.64062 -2.04531 0.09206 0.08013 0.03737 -0.17600 0.98041
57.25000 5.66251 -1.98387 0.07653 0.08465 0.04361 -0.17125 0.98062
57.30000 5.68374 -1.92220 0.06026 0.08975 0.05022 -0.16659 0.98065
57.35000 5.70429 -1.86030 0.04346 0.09529 0.05717 -0.16204 0.98051
57.40000 5.72417 -1.79818 0.02637 0.10117 0.06445 -0.15760 0.98019
57.45000 5.74338 -1.73585 0.00921 0.10725 0.07204 -0.15329 0.97970
57.50000 5.76191 -1.67331 -0.00781 0.11342 0.07990 -0.14908 0.97904
57.55000 5.77976 -1.61058 -0.02445 0.11954 0.08800 -0.14499 0.97823
57.60000 5.79693 -1.54765 -0.04050 0.12551 0.09633 -0.14100 0.97729
57.65000 5.81341 -1.48455 -0.05572 0.13120 0.10484 -0.13709 0.97622
57.70000 5.82921 -1.42127 -0.06991 0.13649 0.11350 -0.13325 0.97505
57.75000 5.84432 -1.35782 -0.08283 0.14128 0.12227 -0.12946 0.97382
57.80000 5.85874 -1.29421 -0.09427 0.14544 0.13113 -0.12568 0.97255
57.85000 5.87247 -1.23045 -0.10399 0.14887 0.14002 -0.12189 0.97127
57.90000 5.88550 -1.16654 -0.11178 0.15146 0.14892 -0.11804 0.97003
57.95000 5.89784 -1.10250 -0.11741 0.15311 0.15777 -0.11409 0.96884
58.00000 5.90947 -1.03832 -0.12066 0.15371 0.16654 -0.11000 0.96775
58.05000 5.92041 -0.97402 -0.12138 0.15319 0.17518 -0.10572 0.96678
58.10000 5.93065 -0.90961 -0.11968 0.15159 0.18364 -0.10123 0.96594
58.15000 5.94018 -0.84509 -0.11577 0.14902 0.19187 -0.09652 0.96523
58.20000 5.94901 -0.78046 -0.10983 0.14555 0.19980 -0.09158 0.96463
58.25000 5.95714 -0.71575 -0.10205 0.14127 0.20740 -0.08641 0.96414
58.30000 5.96456 -0.65095 -0.09262 0.13627 0.21460 -0.08101 0.96375
58.35000 5.97128 -0.58607 -0.08174 0.13063 0.22137 -0.07538 0.96346
58.40000 5.97729 -0.52113 -0.06960 0.12444 0.22765 -0.06954 0.96325
58.45000 5.98260 -0.45612 -0.05639 0.11778 0.23340 -0.06349 0.96313
58.50000 5.98721 -0.39106 -0.04229 0.11075 0.23857 -0.05726 0.96309
58.55000 5.99110 -0.32595 -0.02752 0.10342 0.24312 -0.05087 0.96313
58.60000 5.99430 -0.26081 -0.01224 0.09589 0.24701 -0.04433 0.96324
58.65000 5.99678 -0.19563 0.00334 0.08825 0.25020 -0.03768 0.96343
58.70000 5.99856 -0.13043 0.01903 0.08057 0.25265 -0.03094 0.96370
58.75000 5.99963 -0.06522 0.03464 0.07295 0.25434 -0.02415 0.96406
58.80000 5.99999 0.00000 0.04998 0.06548 0.25523 -0.01733 0.96451
58.85000 5.99964 0.06522 0.06486 0.05825 0.25528 -0.01051 0.96505
58.90000 5.99858 0.13044 0.07909 0.05134 0.25448 -0.00373 0.96571
58.95000 5.99681 0.19564 0.09247 0.04485 0.25278 0.00299 0.96648
59.00000 5.99433 0.26081 0.10481 0.03886 0.25018 0.00962 0.96737
59.05000 5.99114 0.32596 0.11596 0.03346 0.24666 0.01614 0.96839
59.10000 5.98724 0.39106 0.12589 0.02866 0.24227 0.02254 0.96952
59.15000 5.98263 0.45612 0.13461 0.02446 0.23706 0.02882 0.97076
59.20000 5.97731 0.52113 0.14213 0.02086 0.23111 0.03498 0.97207
59.25000 5.97129 0.58607 0.14845 0.01787 0.22447 0.04104 0.97345
59.30000 5.96456 0.65095 0.15359 0.01549 0.21720 0.04700 0.97487
59.35000 5.95713 0.71574 0.15755 0.01371 0.20936 0.05286 0.97631
59.40000 5.94899 0.78046 0.16035 0.01252 0.20101 0.05863 0.97775
59.45000 5.94015 0.84508 0.16199 0.01194 0.19222 0.06433 0.97917
59.50000 5.93062 0.90960 0.16248 0.01195 0.18305 0.06997 0.98054
59.55000 5.92038 0.97402 0.16183 0.01254 0.17354 0.07556 0.98184
59.60000 5.90944 1.03832 0.16005 0.01372 0.16378 0.08111 0.98306
59.65000 5.89781 1.10249 0.15714 0.01547 0.15382 0.08663 0.98417
59.70000 5.88548 1.16654 0.15313 0.01777 0.14371 0.09214 0.98516
59.75000 5.87246 1.23045 0.14801 0.02063 0.13353 0.09764 0.98601
59.80000 5.85874 1.29421 0.14179 0.02403 0.12333 0.10315 0.98670
59.85000 5.84433 1.35783 0.13449 0.02794 0.11318 0.10867 0.98722
59.90000 5.82923 1.42128 0.12610 0.03236 0.10314 0.11422 0.98756
59.95000 5.81344 1.48456 0.11665 0.03726 0.09327 0.11979 0.98771
60.00000 5.79696 1.54766 0.10614 0.04263 0.08363 0.12541 0.98766
