0.000000000 3.300000 1.600000 0.100000 -0.13052619 0.00000000 0.00000000 0.99144486
1.000000000 3.300000 1.600000 0.100000 -0.13052619 0.00000000 0.00000000 0.99144486
2.000000000 3.300000 1.600000 0.100000 -0.13052619 0.00000000 0.00000000 0.99144486
2.000000000 3.300000 1.600000 0.100000 -0.13052619 0.00000000 0.00000000 0.99144486
2.200803213 3.143131 2.058376 0.108518 -0.13783760 -0.00627673 -0.00913593 0.99039282
2.401606426 2.818520 3.232380 0.129461 -0.15662923 -0.02356922 -0.03290429 0.98682779
2.602409639 2.545164 4.820322 0.155910 -0.18183987 -0.04976336 -0.06555359 0.97987785
2.803212851 2.542057 6.520516 0.180948 -0.20860236 -0.08223206 -0.10144405 0.96924303
3.004016064 3.028197 8.031273 0.197657 -0.23294331 -0.11735805 -0.13562710 0.95580845
3.204819277 4.202770 9.074665 0.199784 -0.25239932 -0.15090918 -0.16451645 0.94151757
3.405622490 6.061985 9.616230 0.187894 -0.26728940 -0.18148277 -0.18807397 0.92749586
3.606425703 8.482993 9.764318 0.166548 -0.27887403 -0.20977474 -0.20777015 0.91381366
3.807228916 11.341430 9.629091 0.140361 -0.28808031 -0.23672704 -0.22480893 0.90023940
4.008032129 14.512933 9.320712 0.113947 -0.29552583 -0.26341273 -0.24013206 0.88634915
4.208835341 17.872375 8.948867 0.091829 -0.30153481 -0.29095488 -0.25442227 0.87160273
4.409638554 21.265710 8.605148 0.075160 -0.30605471 -0.31980881 -0.26780915 0.85576346
4.610441767 24.501736 8.357905 0.060758 -0.30884237 -0.34952897 -0.27996738 0.83908531
4.811244980 27.386813 8.273961 0.045156 -0.30974190 -0.37959160 -0.29062950 0.82189091
5.012048193 29.727299 8.420139 0.024888 -0.30870499 -0.40946984 -0.29962367 0.80452554
5.212851406 31.329640 8.863232 -0.003509 -0.30579103 -0.43865266 -0.30687452 0.78733965
5.413654618 32.098998 9.638176 -0.040640 -0.30113490 -0.46679631 -0.31242158 0.77059180
5.614457831 32.228428 10.686991 -0.078764 -0.29483078 -0.49397047 -0.31640500 0.75429163
5.815261044 31.963182 11.934852 -0.108630 -0.28691395 -0.52030560 -0.31893789 0.73840442
6.016064257 31.548516 13.306931 -0.120987 -0.27737134 -0.54590982 -0.32009079 0.72290351
6.216867470 31.229683 14.728404 -0.106582 -0.26614716 -0.57085968 -0.31989668 0.70777895
6.417670683 31.213225 16.127699 -0.058512 -0.25318432 -0.59513017 -0.31836202 0.69308254
6.618473896 31.427270 17.456661 0.013242 -0.23868912 -0.61825004 -0.31554330 0.67913682
6.819277108 31.678108 18.677383 0.091313 -0.22308401 -0.63965276 -0.31160969 0.66631620
7.020080321 31.771514 19.751999 0.158299 -0.20689630 -0.65890644 -0.30682430 0.65490081
7.220883534 31.513261 20.642644 0.196801 -0.19072631 -0.67572245 -0.30151555 0.64506667
7.421686747 30.712966 21.312660 0.190247 -0.17517375 -0.68998475 -0.29603213 0.63686747
7.622489960 29.264321 21.751779 0.140237 -0.15992978 -0.70238698 -0.29038064 0.62988418
7.823293173 27.142793 21.975405 0.066038 -0.14367075 -0.71408792 -0.28411947 0.62346875
8.024096386 24.327230 22.000001 -0.012350 -0.12488288 -0.72584300 -0.27665938 0.61726477
8.224899598 20.796478 21.842031 -0.074929 -0.10195452 -0.73786551 -0.26733001 0.61130552
8.425702811 16.530784 21.518397 -0.101766 -0.07327804 -0.74962332 -0.25547214 0.60615938
8.626506024 11.763780 21.125324 -0.085113 -0.03914157 -0.75921445 -0.24132598 0.60317753
8.827309237 7.274615 20.929811 -0.043449 -0.00385792 -0.76430112 -0.22697453 0.60358220
9.028112450 3.913263 21.221029 0.001341 0.02783512 -0.76466134 -0.21461420 0.60700822
9.228915663 2.260339 22.199388 0.032763 0.05313003 -0.76193593 -0.20533597 0.61193789
9.429718876 1.923487 23.744685 0.053799 0.07421802 -0.75743542 -0.19817270 0.61766565
9.630522088 2.290741 25.664348 0.071826 0.09400376 -0.75115444 -0.19209443 0.62452384
9.831325301 2.750135 27.765809 0.094222 0.11482006 -0.74206054 -0.18661221 0.63351274
10.032128514 2.786236 29.858674 0.126786 0.13768332 -0.72846211 -0.18213348 0.64592078
10.232931727 2.606892 31.768881 0.163507 0.15972094 -0.71050306 -0.18021072 0.66121005
10.433734940 2.748011 33.329771 0.193010 0.17762578 -0.69050607 -0.18167564 0.67723291
10.634538153 3.717677 34.385192 0.204577 0.18997729 -0.67176726 -0.18573726 0.69147600
10.835341365 5.611581 34.925553 0.197002 0.19783275 -0.65578957 -0.19099848 0.70308024
11.036144578 8.221875 35.049138 0.176079 0.20285392 -0.64213375 -0.19673174 0.71260869
11.236947791 11.333669 34.856733 0.147767 0.20611655 -0.62998512 -0.20277418 0.72077552
11.437751004 14.732073 34.449125 0.118023 0.20822756 -0.61837113 -0.20938642 0.72829647
11.638554217 18.202874 33.927382 0.092754 0.20940733 -0.60627059 -0.21716750 0.73581439
11.839357430 21.576907 33.411290 0.074355 0.20952084 -0.59317821 -0.22665857 0.74354994
12.040160643 24.757541 33.050773 0.059576 0.20832154 -0.57943926 -0.23790069 0.75116945
12.240963855 27.654709 32.998482 0.044654 0.20566588 -0.56549476 -0.25078701 0.75830277
12.441767068 30.178346 33.407068 0.025827 0.20153669 -0.55178389 -0.26509803 0.76461790
12.642570281 32.238385 34.429183 -0.000669 0.19604505 -0.53871678 -0.28050285 0.76984980
12.843373494 33.752541 36.140732 -0.036314 0.18938684 -0.52659234 -0.29664943 0.77384252
13.044176707 34.667726 38.329620 -0.074023 0.18168868 -0.51545348 -0.31343354 0.77656703
13.244979920 34.937700 40.716202 -0.104705 0.17302805 -0.50529151 -0.33083618 0.77800335
13.445783133 34.516223 43.020833 -0.119267 0.16345743 -0.49610692 -0.34885788 0.77811167
13.646586345 33.357056 44.963870 -0.108616 0.15300899 -0.48791453 -0.36751361 0.77682778
13.847389558 31.432191 46.293085 -0.065272 0.14170733 -0.48075236 -0.38681442 0.77406125
14.048192771 28.887227 47.017289 0.002889 0.12964569 -0.47471191 -0.40664916 0.76972531
14.248995984 25.963892 47.289835 0.079491 0.11697222 -0.46989052 -0.42682705 0.76376637
14.449799197 22.904931 47.265606 0.148066 0.10385090 -0.46635782 -0.44714585 0.75616530
14.650602410 19.953088 47.099488 0.192146 0.09045593 -0.46415316 -0.46739811 0.74693947
14.851405622 17.347154 46.944053 0.195686 0.07696366 -0.46328420 -0.48738067 0.73614159
15.052208835 15.193022 46.874192 0.156835 0.06346564 -0.46373447 -0.50701743 0.72377882
15.253012048 13.435145 46.870435 0.090978 0.04994732 -0.46550785 -0.52637892 0.70974146
15.453815261 12.008242 46.907619 0.014543 0.03639054 -0.46865236 -0.54552981 0.69385728
15.654618474 10.847032 46.960583 -0.056044 0.02279111 -0.47326125 -0.56450753 0.67589615
15.855421687 9.886248 47.004186 -0.104365 0.00917140 -0.47947279 -0.58330832 0.65557084
16.056224900 9.068994 47.026510 -0.120018 -0.00427335 -0.48738135 -0.60169167 0.63277823
16.257028112 8.361326 47.051894 -0.109089 -0.01698512 -0.49677925 -0.61893378 0.60814708
16.457831325 7.733202 47.110832 -0.080469 -0.02843915 -0.50722352 -0.63437238 0.58265530
16.658634538 7.154576 47.233822 -0.043045 -0.03825286 -0.51809161 -0.64754154 0.55750135
16.859437751 6.595405 47.451359 -0.005707 -0.04620572 -0.52862872 -0.65818623 0.53404831
17.060240964 6.033901 47.787599 0.023669 -0.05227763 -0.53808654 -0.66630629 0.51358140
17.261044177 5.503778 48.224076 0.043999 -0.05683929 -0.54628379 -0.67240963 0.49619413
17.461847390 5.061623 48.724757 0.057003 -0.06032041 -0.55338491 -0.67707410 0.48134942
17.662650602 4.764092 49.253559 0.064408 -0.06306063 -0.55965608 -0.68075397 0.46838282
17.863453815 4.667844 49.774394 0.067941 -0.06532488 -0.56543208 -0.68380347 0.45654358
18.064257028 4.829535 50.251178 0.069329 -0.06731603 -0.57109562 -0.68649513 0.44501997
18.265060241 5.305824 50.647825 0.070300 -0.06918089 -0.57706584 -0.68902867 0.43295324
18.465863454 6.153366 50.928249 0.072580 -0.07100707 -0.58379381 -0.69152783 0.41944253
18.666666667 7.428820 51.056365 0.077897 -0.07280905 -0.59176287 -0.69402328 0.40354335
18.867469880 9.188843 50.996087 0.087979 -0.07450152 -0.60149107 -0.69641979 0.38426227
19.068273092 11.489488 50.711518 0.104539 -0.07585806 -0.61352970 -0.69844530 0.36055655
19.269076305 14.300745 50.193579 0.127440 -0.07645379 -0.62815551 -0.69957314 0.33192303
19.469879518 17.417939 49.487621 0.152790 -0.07575756 -0.64500141 -0.69913171 0.29907997
19.670682731 20.615238 48.645585 0.176239 -0.07331374 -0.66353711 -0.69654585 0.26299710
19.871485944 23.666811 47.719414 0.193439 -0.06881056 -0.68314459 -0.69142151 0.22475512
20.072289157 26.346825 46.761052 0.200040 -0.06212785 -0.70314276 -0.68360213 0.18552228
20.273092369 28.473987 45.816661 0.192949 -0.05335777 -0.72284941 -0.67319269 0.14646938
20.473895582 30.082852 44.904396 0.175149 -0.04275345 -0.74170886 -0.66049704 0.10855304
20.674698795 31.273273 44.033938 0.151464 -0.03071931 -0.75924947 -0.64600476 0.07262516
20.875502008 32.145119 43.214967 0.126717 -0.01780239 -0.77507747 -0.63038110 0.03946724
21.076305221 32.798257 42.457161 0.105730 -0.00466441 -0.78889349 -0.61443456 0.00977066
21.277108434 33.327382 41.769767 0.093041 -0.00797557 0.80051510 0.59904821 0.01591257
21.477911647 33.760406 41.156449 0.089504 -0.01966906 0.81007887 0.58477949 0.03766019
21.678714859 34.078773 40.616986 0.093403 -0.03025120 0.81789585 0.57184021 0.05594658
21.879518072 34.262989 40.151078 0.102976 -0.03965717 0.82425466 0.56031871 0.07123549
22.080321285 34.293559 39.758426 0.116458 -0.04789913 0.82941362 0.55020767 0.08396573
22.281124498 34.150987 39.438729 0.132082 -0.05504963 0.83360051 0.54142416 0.09454951
22.481927711 33.815779 39.191689 0.148087 -0.06122775 0.83701504 0.53382661 0.10337376
22.682730924 33.268439 39.017004 0.162705 -0.06658783 0.83983252 0.52722869 0.11080302
22.883534137 32.489473 38.914376 0.174173 -0.07131065 0.84220795 0.52141032 0.11718294
23.084337349 31.459384 38.883505 0.180727 -0.07559670 0.84427983 0.51612608 0.12284367
23.285140562 30.158679 38.924091 0.180601 -0.07966143 0.84617320 0.51111124 0.12810261
23.485943775 28.567861 39.035835 0.172030 -0.08373229 0.84800151 0.50608544 0.13326616
23.686746988 26.667435 39.218436 0.153251 -0.08804736 0.84986725 0.50075442 0.13863020
23.887550201 24.437907 39.471595 0.122499 -0.09285557 0.85186094 0.49480963 0.14447908
24.088353414 21.859782 39.795013 0.078008 -0.09841825 0.85405848 0.48792609 0.15108305
24.289156627 18.913563 40.188389 0.018014 -0.10501186 0.85651657 0.47975847 0.15869368
24.489959839 15.603190 40.641336 -0.057641 -0.11310785 0.85932460 0.46971740 0.16773019
24.690763052 12.140228 41.054099 -0.134894 -0.12480994 0.86299117 0.45517934 0.18022344
24.891566265 8.844718 41.280229 -0.192249 -0.14331274 0.86789403 0.43213223 0.19870365
25.092369478 6.037644 41.172869 -0.208146 -0.17232316 0.87353311 0.39584305 0.22483975
25.293172691 4.039992 40.585165 -0.161024 -0.21623601 0.87772266 0.34053223 0.25861692
25.493975904 3.153754 39.374617 -0.031562 -0.27970513 0.87533463 0.25968653 0.29684546
25.694779116 3.112039 37.529175 0.132493 -0.35744784 0.85957428 0.15893126 0.32879165
25.895582329 3.004561 35.188239 0.207564 -0.43094700 0.83153040 0.06146736 0.34505599
26.096385542 2.525300 32.596966 0.142802 -0.48879648 0.79966602 -0.01721074 0.34830453
26.297188755 2.375885 30.153940 0.008498 -0.53361995 0.76819379 -0.07972164 0.34463388
26.497991968 3.345715 28.270879 -0.114476 -0.56961928 0.73791698 -0.13117586 0.33735040
26.698795181 5.900862 27.204895 -0.170382 -0.60014860 0.70813568 -0.17590816 0.32775270
26.899598394 9.673675 26.814438 -0.168286 -0.62662143 0.67869849 -0.21571354 0.31651479
27.100401606 14.163933 26.894568 -0.127562 -0.65007341 0.64926783 -0.25196147 0.30392641
27.301204819 18.871416 27.240344 -0.067582 -0.67141056 0.61917714 -0.28595016 0.28993110
27.502008032 23.295904 27.646826 -0.007719 -0.69137857 0.58748867 -0.31886747 0.27418291
27.702811245 27.017491 27.932725 0.035259 -0.71044348 0.55319317 -0.35160341 0.25616872
27.903614458 30.121386 28.065489 0.060955 -0.72837988 0.51616961 -0.38398216 0.23577403
28.104417671 32.888683 28.070250 0.075321 -0.74476479 0.47674005 -0.41546810 0.21314454
28.305220884 35.600903 27.972265 0.084326 -0.75923500 0.43530627 -0.44557193 0.18851079
28.506024096 38.539570 27.796791 0.093937 -0.77150237 0.39234162 -0.47386632 0.16218153
28.706827309 41.969030 27.572102 0.109825 -0.78136906 0.34836572 -0.50000683 0.13452464
28.907630522 45.842148 27.381164 0.132310 -0.78876723 0.30367793 -0.52386512 0.10578901
29.108433735 49.840694 27.354543 0.157050 -0.79368933 0.25835270 -0.54545641 0.07608174
29.309236948 53.637389 27.624394 0.179549 -0.79611891 0.21244766 -0.56479286 0.04549401
29.510040161 56.904952 28.322871 0.195311 -0.79602713 0.16601386 -0.58187727 0.01410850
29.710843373 59.317702 29.581257 0.199863 0.79337169 -0.11909930 0.59670161 0.01799751
29.911646586 60.733506 31.430536 0.191423 0.78810252 -0.07179863 0.60923492 0.05071674
30.112449799 61.361548 33.709720 0.173358 0.78018281 -0.02429945 0.61942629 0.08387726
30.313253012 61.450664 36.236153 0.149613 0.76959425 0.02319684 0.62723863 0.11729575
30.514056225 61.249691 38.827179 0.124139 0.75633715 0.07048698 0.63265254 0.15078615
30.714859438 61.007465 41.300145 0.100881 0.74043058 0.11736781 0.63566648 0.18416159
30.915662651 60.935496 43.491627 0.082739 0.72190988 0.16364378 0.63629672 0.21724026
31.116465863 61.075645 45.325626 0.067842 0.70081520 0.20914787 0.63457445 0.24986093
31.317269076 61.421595 46.750966 0.052966 0.67719396 0.25372303 0.63054113 0.28187027
31.518072289 61.967026 47.716473 0.034888 0.65110295 0.29721539 0.62424758 0.31311805
31.718875502 62.705618 48.170975 0.010383 0.62260815 0.33947471 0.61575387 0.34345769
31.919678715 63.626838 48.068831 -0.023192 0.59178486 0.38035443 0.60512915 0.37274643
32.120481928 64.669881 47.430421 -0.061532 0.55872152 0.41970781 0.59245315 0.40084271
32.321285141 65.740891 46.319533 -0.095770 0.52351926 0.45739108 0.57781641 0.42760868
32.522088353 66.745431 44.800711 -0.116955 0.48628910 0.49326772 0.56131922 0.45291346
32.722891566 67.589065 42.938505 -0.116139 0.44715139 0.52720925 0.54307103 0.47663392
32.923694779 68.178585 40.797674 -0.084573 0.40623517 0.55909591 0.52318983 0.49865534
33.124497992 68.481393 38.453500 -0.023388 0.36367652 0.58881790 0.50180102 0.51887244
33.325301205 68.552000 35.996389 0.052084 0.31961727 0.61627593 0.47903630 0.53718991
33.526104418 68.451669 33.517919 0.125411 0.27420544 0.64138065 0.45503355 0.55352210
33.726907631 68.241662 31.109667 0.180159 0.22759460 0.66405295 0.42993610 0.56779339
33.927710843 67.983240 28.863206 0.199898 0.17994314 0.68422435 0.40389203 0.57993856
34.128514056 67.738873 26.856785 0.174786 0.13141360 0.70183727 0.37705348 0.58990303
34.329317269 67.575018 25.124595 0.116759 0.08217192 0.71684525 0.34957588 0.59764317
34.530120482 67.558955 23.691738 0.042247 0.03238661 0.72921325 0.32161715 0.60312648
34.730923695 67.757966 22.583318 -0.032320 -0.01777213 0.73891775 0.29333682 0.60633177
34.931726908 68.239330 21.824435 -0.090512 -0.06813320 0.74594687 0.26489528 0.60724923
35.132530120 69.053540 21.429071 -0.117799 -0.11852534 0.75030034 0.23645303 0.60588044
35.333333333 70.112491 21.319393 -0.115335 -0.16877683 0.75198955 0.20817041 0.60223847
35.534136546 71.259782 21.372327 -0.092004 -0.21871703 0.75103767 0.18020643 0.59634799
35.734939759 72.338537 21.464484 -0.056744 -0.26817777 0.74747962 0.15271760 0.58824505
35.935742972 73.191878 21.472472 -0.018492 -0.31699425 0.74136181 0.12585706 0.57797692
36.136546185 73.668425 21.276051 0.014020 -0.36500593 0.73274183 0.09977373 0.56560170
36.337349398 73.764442 20.839578 0.037625 -0.41206062 0.72168720 0.07460978 0.55118692
36.538152610 73.636659 20.219351 0.055199 -0.45801506 0.70827402 0.05050014 0.53480824
36.738955823 73.449872 19.476292 0.069923 -0.50273177 0.69258696 0.02757404 0.51654985
36.939759036 73.368880 18.671325 0.084979 -0.54607939 0.67471889 0.00595459 0.49650403
37.140562249 73.558121 17.865341 0.103540 -0.58793308 0.65477054 -0.01424171 0.47477089
37.341365462 74.066725 17.109748 0.126944 -0.62816895 0.63285357 -0.03290263 0.45146157
37.542168675 74.664001 16.432932 0.152070 -0.66665754 0.60909696 -0.04991843 0.42670454
37.742971888 75.077632 15.859856 0.175131 -0.70327939 0.58364108 -0.06519034 0.40063875
37.943775100 75.035303 15.415483 0.192343 -0.73792831 0.55663526 -0.07863259 0.37341118
38.144578313 74.264697 15.124777 0.199920 -0.77051217 0.52823643 -0.09017310 0.34517542
38.345381526 72.555373 15.004202 0.194925 -0.80096061 0.49860033 -0.09975608 0.31608311
38.546184739 70.061188 15.020206 0.179423 -0.82925529 0.46784139 -0.10734787 0.28624559
38.746987952 67.068881 15.120985 0.157303 -0.85539136 0.43605442 -0.11291823 0.25575700
38.947791165 63.865383 15.254714 0.132455 -0.87935923 0.40333092 -0.11643330 0.22471048
39.148594378 60.737625 15.369563 0.108771 -0.90114412 0.36976094 -0.11785534 0.19320002
39.349397590 57.961695 15.416643 0.089902 -0.92072111 0.33544386 -0.11714315 0.16133052
39.550200803 55.633785 15.395779 0.075515 -0.93799435 0.30062970 -0.11427089 0.12934662
39.751004016 53.702005 15.346899 0.061999 -0.95285794 0.26569737 -0.10926942 0.09760556
39.951807229 52.110054 15.311125 0.045646 -0.96527514 0.23103044 -0.10223494 0.06645939
40.152610442 50.801634 15.329578 0.022746 -0.97527778 0.19700286 -0.09332570 0.03624144
40.353413655 49.720469 15.442809 -0.010358 -0.98296197 0.16396557 -0.08275530 0.00725395
40.554216867 48.812502 15.637531 -0.052448 0.98852924 -0.13189942 0.07064681 0.02053094
40.755020080 48.027682 15.803228 -0.093506 0.99220342 -0.10016397 0.05681211 0.04766482
40.955823293 47.316381 15.819170 -0.122586 0.99403924 -0.06809775 0.04088157 0.07468183
41.156626506 46.628969 15.564628 -0.128745 0.99391262 -0.03511617 0.02233425 0.10200851
41.357429719 45.915816 14.918874 -0.101038 0.99152344 -0.00074888 0.00050571 0.12992480
41.558232932 45.187267 13.817032 -0.034088 0.98645039 0.03502325 -0.02518093 0.15828748
41.759036145 44.709371 12.432379 0.053741 0.97850306 0.07089051 -0.05433482 0.18588712
41.959839357 44.816317 11.001648 0.137761 0.96787794 0.10535633 -0.08603008 0.21145015
42.160642570 45.842294 9.761574 0.193286 0.95511544 0.13717478 -0.11905880 0.23401406
42.361445783 48.071452 8.926752 0.198493 0.94100606 0.16544839 -0.15205946 0.25300663
42.562248996 51.338227 8.512787 0.157341 0.92628189 0.18993969 -0.18404732 0.26842385
42.763052209 55.239336 8.430101 0.087409 0.91156213 0.21075431 -0.21431428 0.28054677
42.963855422 59.369346 8.588164 0.006404 0.89741550 0.22808504 -0.24221879 0.28974592
43.164658635 63.322819 8.896444 -0.067971 0.88434957 0.24218239 -0.26719115 0.29644968
43.365461847 66.701450 9.264754 -0.118360 0.87278609 0.25334383 -0.28877078 0.30111923
43.566265060 69.325388 9.613481 -0.138145 0.86244339 0.26239468 -0.30772255 0.30438013
43.767068273 71.268587 9.875293 -0.133182 0.85220181 0.27056490 -0.32620795 0.30681441
43.967871486 72.619255 9.983549 -0.110025 0.84081638 0.27879160 -0.34647188 0.30864265
44.168674699 73.465597 9.871606 -0.075231 0.82699754 0.28765132 -0.37071748 0.30967779
44.369477912 73.895821 9.472824 -0.035355 0.80945941 0.29724249 -0.40102447 0.30919531
44.570281124 73.998139 8.720590 0.003049 0.78702518 0.30699235 -0.43918358 0.30572022
44.771084337 73.873207 7.610284 0.035727 0.75989506 0.31519289 -0.48464944 0.29720003
44.971887550 73.660303 6.329713 0.065569 0.73185333 0.31958706 -0.53113442 0.28310959
45.172690763 73.506177 5.103913 0.096846 0.70697379 0.31984805 -0.57218810 0.26549212
45.373493976 73.468633 4.120638 0.132333 0.68770738 0.31744198 -0.60402704 0.24787189
45.574297189 73.133645 3.369892 0.166865 0.67245618 0.31366749 -0.62937966 0.23086064
45.775100402 71.931341 2.776360 0.192656 0.65891806 0.30866171 -0.65210380 0.21287454
45.975903614 69.291750 2.264686 0.201918 0.64546309 0.30175422 -0.67503922 0.19142578
46.176706827 64.734437 1.770463 0.187880 0.63151149 0.29179273 -0.69947064 0.16367975
46.377510040 58.814508 1.355927 0.155554 0.61900315 0.27892721 -0.72249132 0.13054116
46.578313253 52.752627 1.164713 0.117521 0.61008831 0.26499359 -0.74047383 0.09627646
46.779116466 47.749764 1.335464 0.086142 0.60520690 0.25232241 -0.75215854 0.06569275
46.979919679 44.264776 1.853708 0.065433 0.60324324 0.24198891 -0.75886656 0.04074923
47.180722892 41.993525 2.547540 0.050832 0.60295453 0.23357477 -0.76254820 0.02022149
47.381526104 40.597018 3.237863 0.037381 0.60366288 0.22646806 -0.76439299 0.00258949
47.582329317 39.736261 3.745584 0.020125 -0.60511207 -0.22005078 0.76500313 0.01368381
47.783132530 39.072531 3.892007 -0.005874 -0.60736340 -0.21376908 0.76453132 0.03007243
47.983935743 38.330531 3.593705 -0.041547 -0.61064897 -0.20736888 0.76279503 0.04743134
48.184738956 37.379910 2.984944 -0.078664 -0.61507837 -0.20109784 0.75958070 0.06538667
48.385542169 36.110469 2.230258 -0.107721 -0.62066052 -0.19526176 0.75478285 0.08340397
48.586345382 34.412011 1.494180 -0.119215 -0.62731797 -0.19013905 0.74841377 0.10097595
48.787148594 32.174337 0.941246 -0.103642 -0.63489109 -0.18595845 0.74060246 0.11764674
48.987951807 29.328311 0.705037 -0.054641 -0.64316181 -0.18287531 0.73157087 0.13305476
49.188755020 26.031268 0.748426 0.016817 -0.65193311 -0.18095561 0.72154103 0.14702662
49.389558233 22.518194 0.975751 0.093820 -0.66101723 -0.18021379 0.71073665 0.15947611
49.590361446 19.024148 1.291301 0.159449 -0.67022468 -0.18062402 0.69939336 0.17036067
49.791164659 15.784184 1.599362 0.196785 -0.67937169 -0.18212109 0.68775053 0.17968087
49.991967871 13.022134 1.808747 0.190136 -0.68830265 -0.18460813 0.67602251 0.18749097
50.192771084 10.790965 1.897136 0.142434 -0.69712147 -0.18807086 0.66407820 0.19403903
50.393574297 9.010638 1.895822 0.071118 -0.70613050 -0.19268878 0.65147407 0.19958030
50.594377510 7.597604 1.837511 -0.005992 -0.71561369 -0.19882696 0.63771486 0.20416816
50.795180723 6.468317 1.754909 -0.071078 -0.72578401 -0.20705659 0.62230093 0.20762150
50.995983936 5.539642 1.680548 -0.106459 -0.73670724 -0.21817987 0.60479572 0.20948059
51.196787149 4.761009 1.633239 -0.105494 -0.74768594 -0.23249070 0.58584252 0.20905107
51.397590361 4.137364 1.608396 -0.080355 -0.75718968 -0.24858592 0.56775928 0.20619950
51.598393574 3.679071 1.599154 -0.045053 -0.76418761 -0.26400359 0.55277507 0.20188888
51.799196787 3.396495 1.598644 -0.013598 -0.76835210 -0.27562179 0.54268659 0.19788619
52.000000000 3.300000 1.600000 0.000000 -0.76975113 -0.28016650 0.53898554 0.19617469
